                 sim	               state	              dist_x	                time	                step	                 Day	        IC_Cl_(mg/l)	             NO3_0.0	             NO3_0.1	            NO3_0.25	             NO3_0.5	             NO3_1.0	
                   1	              transp	             2.49373	                   0	                   0	  0.000000000000e+00	  4.407580001093e+02	  1.019919393467e-01	  1.019919393467e-01	  1.019919393467e-01	  1.019919393467e-01	  1.019919393467e-01	
                   1	              transp	             2.49373	            0.357378	                   1	  3.573782160000e-01	  4.407580001093e+02	  1.019919393467e-01	  1.018401736013e-01	  1.016135423833e-01	  1.012365020599e-01	  1.004840653068e-01	
                   1	              transp	             2.49373	            0.714756	                   2	  7.147564320000e-01	  4.407580001093e+02	  1.019919393467e-01	  1.016886336055e-01	  1.012365487992e-01	  1.004866581900e-01	  9.899847621604e-02	
                   1	              transp	             2.49373	             1.07213	                   3	  1.072134648000e+00	  4.407580001093e+02	  1.019919393467e-01	  1.015373191039e-01	  1.008609538885e-01	  9.974236830331e-02	  9.753485055736e-02	
                   1	              transp	             2.49373	             1.42951	                   4	  1.429512864000e+00	  4.407580001093e+02	  1.019919393467e-01	  1.013862297610e-01	  1.004867524621e-01	  9.900359126225e-02	  9.609286361626e-02	
                   1	              transp	             2.49373	             1.78689	                   5	  1.786891080000e+00	  4.407580001093e+02	  1.019919393467e-01	  1.012353652417e-01	  1.001139393500e-01	  9.827028623399e-02	  9.467219547892e-02	
                   1	              transp	             2.49373	             2.14427	                   6	  2.144269296000e+00	  4.407580001093e+02	  1.019919393467e-01	  1.010847252115e-01	  9.974250940153e-02	  9.754241268815e-02	  9.327253096121e-02	
                   1	              transp	             2.49373	             2.50165	                   7	  2.501647512000e+00	  4.407580001093e+02	  1.019919393467e-01	  1.009343093364e-01	  9.937245748497e-02	  9.681993039452e-02	  9.189355953878e-02	
                   2	              transp	             2.49373	             2.50165	                   0	  2.501647512000e+00	  4.407580001093e+02	  1.019919393467e-01	  1.009343093364e-01	  9.937245748497e-02	  9.681993039452e-02	  9.189355953878e-02	
                   2	              transp	             2.49373	             35.1683	                   1	  3.516831417867e+01	  4.407580001093e+02	  1.019919393467e-01	  8.808988402445e-02	  7.074922909209e-02	  4.907675731109e-02	  2.355953704535e-02	
                   3	              transp	             2.49373	             35.1683	                   0	  3.516831417867e+01	  4.407580001093e+02	  1.019919393467e-01	  8.808988402445e-02	  7.074922909209e-02	  4.907675731109e-02	  2.355953704535e-02	
                   3	              transp	             2.49373	             35.5257	                   1	  3.552569239467e+01	  4.407580001093e+02	  1.019919393467e-01	  8.795880470491e-02	  7.048674434033e-02	  4.871325299323e-02	  2.321122519002e-02	
                   3	              transp	             2.49373	             35.8831	                   2	  3.588307061067e+01	  4.407580001093e+02	  1.019919393467e-01	  8.782792043375e-02	  7.022523342596e-02	  4.835244109836e-02	  2.286806289039e-02	
                   3	              transp	             2.49373	             36.2404	                   3	  3.624044882667e+01	  4.407580001093e+02	  1.019919393467e-01	  8.769723092071e-02	  6.996469273598e-02	  4.799430168408e-02	  2.252997401377e-02	
                   3	              transp	             2.49373	             36.5978	                   4	  3.659782704267e+01	  4.407580001093e+02	  1.019919393467e-01	  8.756673587600e-02	  6.970511867078e-02	  4.763881495573e-02	  2.219688355302e-02	
                   3	              transp	             2.49373	             36.9552	                   5	  3.695520525867e+01	  4.407580001093e+02	  1.019919393467e-01	  8.743643501024e-02	  6.944650764412e-02	  4.728596126526e-02	  2.186871760994e-02	
                   3	              transp	             2.49373	             37.3126	                   6	  3.731258347467e+01	  4.407580001093e+02	  1.019919393467e-01	  8.730632803450e-02	  6.918885608305e-02	  4.693572111013e-02	  2.154540337886e-02	
                   3	              transp	             2.49373	               37.67	                   7	  3.766996169067e+01	  4.407580001093e+02	  1.019919393467e-01	  8.717641466026e-02	  6.893216042789e-02	  4.658807513228e-02	  2.122686913048e-02	
                   3	              transp	             2.49373	             38.0273	                   8	  3.802733990667e+01	  4.407580001093e+02	  1.019919393467e-01	  8.704669459944e-02	  6.867641713216e-02	  4.624300411702e-02	  2.091304419599e-02	
                   3	              transp	             2.49373	             38.3847	                   9	  3.838471812267e+01	  4.407580001093e+02	  1.019919393467e-01	  8.691716756439e-02	  6.842162266253e-02	  4.590048899198e-02	  2.060385895136e-02	
                   3	              transp	             2.49373	             38.7421	                  10	  3.874209633867e+01	  4.407580001094e+02	  1.019919393467e-01	  8.678783326788e-02	  6.816777349880e-02	  4.556051082605e-02	  2.029924480192e-02	
                   3	              transp	             2.49373	             39.0995	                  11	  3.909947455467e+01	  4.407580001094e+02	  1.019919393468e-01	  8.665869142315e-02	  6.791486613384e-02	  4.522305082839e-02	  1.999913416710e-02	
                   3	              transp	             2.49373	             39.4569	                  12	  3.945685277067e+01	  4.407580001093e+02	  1.019919393473e-01	  8.652974174419e-02	  6.766289707379e-02	  4.488809034746e-02	  1.970346046557e-02	
                   3	              transp	             2.49373	             39.8142	                  13	  3.981423098667e+01	  4.407580001092e+02	  1.019919393512e-01	  8.640098394752e-02	  6.741186283939e-02	  4.455561087099e-02	  1.941215810082e-02	
                   3	              transp	             2.49373	             40.1716	                  14	  4.017160920267e+01	  4.407580001085e+02	  1.019919393752e-01	  8.627241776177e-02	  6.716175997340e-02	  4.422559402979e-02	  1.912516244871e-02	
                   3	              transp	             2.49373	              40.529	                  15	  4.052898741867e+01	  4.407580001048e+02	  1.019919395001e-01	  8.614404296994e-02	  6.691258507324e-02	  4.389802161815e-02	  1.884240985226e-02	
                   3	              transp	             2.49373	             40.8864	                  16	  4.088636563467e+01	  4.407580000884e+02	  1.019919400587e-01	  8.601585956798e-02	  6.666433491354e-02	  4.357287567250e-02	  1.856383764109e-02	
                   3	              transp	             2.49373	             41.2437	                  17	  4.124374385067e+01	  4.407580000240e+02	  1.019919422509e-01	  8.588786828083e-02	  6.641700684367e-02	  4.325013872779e-02	  1.828938422505e-02	
                   3	              transp	             2.49373	             41.6011	                  18	  4.160112206667e+01	  4.407579997991e+02	  1.019919499079e-01	  8.576007204217e-02	  6.617059992445e-02	  4.292979454855e-02	  1.801898938321e-02	
                   3	              transp	             2.49373	             41.9585	                  19	  4.195850028267e+01	  4.407579990907e+02	  1.019919740234e-01	  8.563247978542e-02	  6.592511783164e-02	  4.261182998859e-02	  1.775259501212e-02	
                   3	              transp	             2.49373	             42.3159	                  20	  4.231587849867e+01	  4.407579970564e+02	  1.019920432732e-01	  8.550511522779e-02	  6.568057556290e-02	  4.229623926580e-02	  1.749014684519e-02	
                   3	              transp	             2.49373	             42.6733	                  21	  4.267325671467e+01	  4.407579916786e+02	  1.019922263396e-01	  8.537803547145e-02	  6.543701359591e-02	  4.198303294035e-02	  1.723159804118e-02	
                   3	              transp	             2.49373	             43.0306	                  22	  4.303063493067e+01	  4.407579784809e+02	  1.019926756004e-01	  8.525136732965e-02	  6.519452545036e-02	  4.167225530331e-02	  1.697691607830e-02	
                   3	              transp	             2.49373	              43.388	                  23	  4.338801314667e+01	  4.407579481937e+02	  1.019937066066e-01	  8.512537326881e-02	  6.495330756462e-02	  4.136401568607e-02	  1.672609506739e-02	
                   3	              transp	             2.49373	             43.7454	                  24	  4.374539136267e+01	  4.407578827796e+02	  1.019959333933e-01	  8.500056344314e-02	  6.471374378079e-02	  4.105854124832e-02	  1.647917637140e-02	
                   3	              transp	             2.49373	             44.1028	                  25	  4.410276957867e+01	  4.407577490645e+02	  1.020004853733e-01	  8.487787492430e-02	  6.447654012709e-02	  4.075626085390e-02	  1.623628122825e-02	
                   3	              transp	             2.49373	             44.4601	                  26	  4.446014779467e+01	  4.407574890813e+02	  1.020093362644e-01	  8.475894302551e-02	  6.424292836708e-02	  4.045793135265e-02	  1.599765984500e-02	
                   3	              transp	             2.49373	             44.8175	                  27	  4.481752601067e+01	  4.407570061562e+02	  1.020257771724e-01	  8.464649094016e-02	  6.401495775821e-02	  4.016481827003e-02	  1.576376197110e-02	
                   3	              transp	             2.49373	             45.1749	                  28	  4.517490422667e+01	  4.407561457889e+02	  1.020550678568e-01	  8.454486553952e-02	  6.379589582020e-02	  3.987894404493e-02	  1.553533495127e-02	
                   3	              transp	             2.49373	             45.5323	                  29	  4.553228244267e+01	  4.407546705117e+02	  1.021052927704e-01	  8.446074118581e-02	  6.359075468345e-02	  3.960341481252e-02	  1.531355522826e-02	
                   4	              transp	             2.49373	             45.5323	                   0	  4.553228244267e+01	  4.407546705117e+02	  1.021052927704e-01	  8.446074118581e-02	  6.359075468345e-02	  3.960341481252e-02	  1.531355522826e-02	
                   4	              transp	             2.49373	             59.1989	                   1	  5.919894910933e+01	  4.407546703363e+02	  1.021052987329e-01	  7.978551595545e-02	  5.516533780666e-02	  2.980418086143e-02	  8.664961188892e-03	
                   5	              transp	             2.49373	             59.1989	                   0	  5.919894910933e+01	  4.407546703363e+02	  1.021052987329e-01	  7.978551595545e-02	  5.516533780666e-02	  2.980418086143e-02	  8.664961188892e-03	
                   5	              transp	             2.49373	             59.5563	                   1	  5.955632732533e+01	  4.407522279066e+02	  1.021884497656e-01	  7.973192506585e-02	  5.500589301332e-02	  2.960807891276e-02	  8.544237913173e-03	
                   5	              transp	             2.49373	             59.9137	                   2	  5.991370554133e+01	  4.407483131260e+02	  1.023217261112e-01	  7.971760522285e-02	  5.487419136039e-02	  2.942820225838e-02	  8.429749003544e-03	
                   5	              transp	             2.49373	             60.2711	                   3	  6.027108375733e+01	  4.407422227792e+02	  1.025290683589e-01	  7.976119497814e-02	  5.478307472408e-02	  2.927149071554e-02	  8.323578639215e-03	
                   5	              transp	             2.49373	             60.6285	                   4	  6.062846197333e+01	  4.407330053319e+02	  1.028428709900e-01	  7.988791387491e-02	  5.474992959712e-02	  2.914737012949e-02	  8.228609823753e-03	
                   5	              transp	             2.49373	             60.9858	                   5	  6.098584018933e+01	  4.407194064488e+02	  1.033058370319e-01	  8.013101633867e-02	  5.479770793421e-02	  2.906833664143e-02	  8.148742481723e-03	
                   5	              transp	             2.49373	             61.3432	                   6	  6.134321840533e+01	  4.406998123488e+02	  1.039729067295e-01	  8.053331231355e-02	  5.495600658304e-02	  2.905058927832e-02	  8.089143476195e-03	
                   5	              transp	             2.49373	             61.7006	                   7	  6.170059662133e+01	  4.406721933313e+02	  1.049131800528e-01	  8.114869524720e-02	  5.526216795499e-02	  2.911469450259e-02	  8.056526327551e-03	
                   5	              transp	             2.49373	              62.058	                   8	  6.205797483733e+01	  4.406340501313e+02	  1.062117430132e-01	  8.204360993010e-02	  5.576235811452e-02	  2.928626129650e-02	  8.059454892330e-03	
                   5	              transp	             2.49373	             62.4154	                   9	  6.241535305333e+01	  4.405823658758e+02	  1.079713032891e-01	  8.329838844107e-02	  5.651257436985e-02	  2.959660147000e-02	  8.108662170673e-03	
                   5	              transp	             2.49373	             62.7727	                  10	  6.277273126933e+01	  4.405135663767e+02	  1.103135420234e-01	  8.500838234942e-02	  5.757953279280e-02	  3.008334690279e-02	  8.217372351607e-03	
                   5	              transp	             2.49373	             63.1301	                  11	  6.313010948533e+01	  4.404234912889e+02	  1.133800957327e-01	  8.728482340466e-02	  5.904138704692e-02	  3.079099365506e-02	  8.401611503228e-03	
                   5	              transp	             2.49373	             63.4875	                  12	  6.348748770133e+01	  4.403073783009e+02	  1.173330945301e-01	  9.025535291708e-02	  6.098823344859e-02	  3.177134254421e-02	  8.680490291676e-03	
                   5	              transp	             2.49373	             63.8449	                  13	  6.384486591733e+01	  4.401598620402e+02	  1.223551993806e-01	  9.406417133905e-02	  6.352236314495e-02	  3.308380703553e-02	  9.076441040089e-03	
                   5	              transp	             2.49373	             64.2022	                  14	  6.420224413333e+01	  4.399749888015e+02	  1.286491006979e-01	  9.887177344001e-02	  6.675823033725e-02	  3.479556217238e-02	  9.615391501036e-03	
                   5	              transp	             2.49373	             64.5596	                  15	  6.455962234933e+01	  4.397462475766e+02	  1.364364619505e-01	  1.048542500464e-01	  7.082211515866e-02	  3.698151269260e-02	  1.032685898763e-02	
                   5	              transp	             2.49373	              64.917	                  16	  6.491700056533e+01	  4.394666172253e+02	  1.459563137515e-01	  1.122021536648e-01	  7.585147059963e-02	  3.972406424183e-02	  1.124395094694e-02	
                   5	              transp	             2.49373	             65.2744	                  17	  6.527437878133e+01	  4.391286290095e+02	  1.574629249154e-01	  1.211189415170e-01	  8.199395418300e-02	  4.311268840055e-02	  1.240326151411e-02	
                   5	              transp	             2.49373	             65.6318	                  18	  6.563175699733e+01	  4.387244431506e+02	  1.712231961234e-01	  1.318190247697e-01	  8.940615634529e-02	  4.724327971170e-02	  1.384465781900e-02	
                   5	              transp	             2.49373	             65.9891	                  19	  6.598913521333e+01	  4.382459375850e+02	  1.875136382816e-01	  1.445254663379e-01	  9.825204813092e-02	  5.221731061553e-02	  1.561095453393e-02	
                   5	              transp	             2.49373	             66.3465	                  20	  6.634651342933e+01	  4.376848067093e+02	  2.066170107926e-01	  1.594673810480e-01	  1.087011803711e-01	  5.814079774194e-02	  1.774748003004e-02	
                   5	              transp	             2.49373	             66.7039	                  21	  6.670389164533e+01	  4.370326676282e+02	  2.288187044298e-01	  1.768771007801e-01	  1.209266746067e-01	  6.512309998526e-02	  2.030154223605e-02	
                   5	              transp	             2.49373	             67.0613	                  22	  6.706126986133e+01	  4.362811712483e+02	  2.544029591902e-01	  1.969871732807e-01	  1.351030523391e-01	  7.327557485106e-02	  2.332180658616e-02	
                   5	              transp	             2.49373	             67.4186	                  23	  6.741864807733e+01	  4.354221155069e+02	  2.836490095031e-01	  2.200272665937e-01	  1.514039535826e-01	  8.271012445848e-02	  2.685760207921e-02	
                   6	              transp	             2.49373	             67.4186	                   0	  6.741864807733e+01	  4.354221155069e+02	  2.836490095031e-01	  2.200272665937e-01	  1.514039535826e-01	  8.271012445848e-02	  2.685760207921e-02	
                   6	              transp	             2.49373	             82.0353	                   1	  8.203531474400e+01	  4.354220610189e+02	  2.836508645155e-01	  2.070282007291e-01	  1.300534311320e-01	  6.102742810686e-02	  1.460733940058e-02	
                   7	              transp	             2.49373	             82.0353	                   0	  8.203531474400e+01	  4.354220610189e+02	  2.836508645155e-01	  2.070282007291e-01	  1.300534311320e-01	  6.102742810686e-02	  1.460733940058e-02	
                   7	              transp	             2.49373	             82.3927	                   1	  8.239269296000e+01	  4.344474989917e+02	  3.168292587677e-01	  2.316744292600e-01	  1.460269177528e-01	  6.901648427310e-02	  1.683755791174e-02	
                   7	              transp	             2.49373	             82.7501	                   2	  8.275007117600e+01	  4.333498623441e+02	  3.541976564885e-01	  2.594899343802e-01	  1.641133150209e-01	  7.811330252420e-02	  1.940125813671e-02	
                   7	              transp	             2.49373	             83.1074	                   3	  8.310744939200e+01	  4.321220516546e+02	  3.959977533229e-01	  2.906653303815e-01	  1.844474832765e-01	  8.839479915581e-02	  2.232385680255e-02	
                   7	              transp	             2.49373	             83.4648	                   4	  8.346482760800e+01	  4.307575377481e+02	  4.424518312215e-01	  3.253773083090e-01	  2.071556492971e-01	  9.993371907554e-02	  2.562944803422e-02	
                   7	              transp	             2.49373	             83.8222	                   5	  8.382220582400e+01	  4.292504491631e+02	  4.937597806540e-01	  3.637862378269e-01	  2.323536457693e-01	  1.127975609574e-01	  2.934040008737e-02	
                   7	              transp	             2.49373	             84.1796	                   6	  8.417958404000e+01	  4.275956489446e+02	  5.500964862502e-01	  4.060340267322e-01	  2.601453086604e-01	  1.270475795840e-01	  3.347698091714e-02	
                   7	              transp	             2.49373	              84.537	                   7	  8.453696225600e+01	  4.257887996797e+02	  6.116096126966e-01	  4.522422723463e-01	  2.906210628305e-01	  1.427378889644e-01	  3.805702462528e-02	
                   7	              transp	             2.49373	             84.8943	                   8	  8.489434047200e+01	  4.238264160405e+02	  6.784178159393e-01	  5.025107303497e-01	  3.238567202282e-01	  1.599146859315e-01	  4.309564882128e-02	
                   7	              transp	             2.49373	             85.2517	                   9	  8.525171868800e+01	  4.217059044330e+02	  7.506093933730e-01	  5.569161181931e-01	  3.599125094529e-01	  1.786156109114e-01	  4.860503184990e-02	
                   7	              transp	             2.49373	             85.6091	                  10	  8.560909690400e+01	  4.194255896614e+02	  8.282413760518e-01	  6.155112620819e-01	  3.988323498232e-01	  1.988692592299e-01	  5.459425746107e-02	
                   7	              transp	             2.49373	             85.9665	                  11	  8.596647512000e+01	  4.169847288053e+02	  9.113390562720e-01	  6.783245888451e-01	  4.406433774417e-01	  2.206948526727e-01	  6.106923276326e-02	
                   7	              transp	             2.49373	             86.3239	                  12	  8.632385333600e+01	  4.143835127536e+02	  9.998959353295e-01	  7.453599568852e-01	  4.853557251486e-01	  2.441020770416e-01	  6.803268316022e-02	
                   7	              transp	             2.49373	             86.6812	                  13	  8.668123155200e+01	  4.116230560586e+02	  1.093874068947e+00	  8.165968139469e-01	  5.329625527581e-01	  2.690910871701e-01	  7.548422542592e-02	
                   7	              transp	             2.49373	             87.0386	                  14	  8.703860976800e+01	  4.087053759458e+02	  1.193204781858e+00	  8.919906636958e-01	  5.834403186575e-01	  2.956526763472e-01	  8.342051718790e-02	
                   7	              transp	             2.49373	              87.396	                  15	  8.739598798400e+01	  4.056333614575e+02	  1.297789718309e+00	  9.714738181196e-01	  6.367492787925e-01	  3.237686024896e-01	  9.183547800051e-02	
                   7	              transp	             2.49373	             87.7534	                  16	  8.775336620000e+01	  4.024107338064e+02	  1.407502191787e+00	  1.054956408596e+00	  6.928341944144e-01	  3.534120588726e-01	  1.007205740864e-01	
                   7	              transp	             2.49373	             88.1107	                  17	  8.811074441600e+01	  3.990419990851e+02	  1.522188795007e+00	  1.142327625139e+00	  7.516252258461e-01	  3.845482730214e-01	  1.100651559321e-01	
                   7	              transp	             2.49373	             88.4681	                  18	  8.846812263200e+01	  3.955323945108e+02	  1.641671229971e+00	  1.233457150907e+00	  8.130389861044e-01	  4.171352136989e-01	  1.198568354724e-01	
                   7	              transp	             2.49373	             88.8255	                  19	  8.882550084800e+01	  3.918878293916e+02	  1.765748317743e+00	  1.328196757461e+00	  8.769797256135e-01	  4.511243830345e-01	  1.300818877847e-01	
                   7	              transp	             2.49373	             89.1829	                  20	  8.918287906400e+01	  3.881148219816e+02	  1.894198148166e+00	  1.426382025641e+00	  9.433406175834e-01	  4.864616688971e-01	  1.407256612028e-01	
                   7	              transp	             2.49373	             89.5403	                  21	  8.954025728000e+01	  3.842204333539e+02	  2.026780331144e+00	  1.527834157074e+00	  1.012005112954e+00	  5.230882317311e-01	  1.517729796135e-01	
                   7	              transp	             2.49373	             89.8976	                  22	  8.989763549600e+01	  3.802121993598e+02	  2.163238313017e+00	  1.632361842352e+00	  1.082848334138e+00	  5.609414002965e-01	  1.632085214493e-01	
                   7	              transp	             2.49373	              90.255	                  23	  9.025501371200e+01	  3.760980616766e+02	  2.303301724033e+00	  1.739763153620e+00	  1.155738478096e+00	  5.999555520423e-01	  1.750171614633e-01	
                   7	              transp	             2.49373	             90.6124	                  24	  9.061239192800e+01	  3.718862988591e+02	  2.446688725627e+00	  1.849827431718e+00	  1.230538201435e+00	  6.400629561029e-01	  1.871842636694e-01	
                   7	              transp	             2.49373	             90.9698	                  25	  9.096977014400e+01	  3.675854582272e+02	  2.593108329304e+00	  1.962337140836e+00	  1.307105963152e+00	  6.811945600030e-01	  1.996959167113e-01	
                   7	              transp	             2.49373	             91.3271	                  26	  9.132714836000e+01	  3.632042893225e+02	  2.742262662028e+00	  2.077069666988e+00	  1.385297304150e+00	  7.232807049148e-01	  2.125391062465e-01	
                   7	              transp	             2.49373	             91.6845	                  27	  9.168452657600e+01	  3.587516795792e+02	  2.893849156301e+00	  2.193799040141e+00	  1.464966046657e+00	  7.662517585703e-01	  2.257018225522e-01	
                   7	              transp	             2.49373	             92.0419	                  28	  9.204190479200e+01	  3.542365927526e+02	  3.047562646312e+00	  2.312297563567e+00	  1.545965400911e+00	  8.100386594995e-01	  2.391731053423e-01	
                   7	              transp	             2.49373	             92.3993	                  29	  9.239928300800e+01	  3.496680105617e+02	  3.203097354681e+00	  2.432337337810e+00	  1.628148970934e+00	  8.545733709641e-01	  2.529430315746e-01	
                   8	              transp	             2.49373	             92.3993	                   0	  9.239928300800e+01	  3.496680105617e+02	  3.203097354681e+00	  2.432337337810e+00	  1.628148970934e+00	  8.545733709641e-01	  2.529430315746e-01	
                   8	              transp	             2.49373	             106.066	                   1	  1.060659496747e+02	  3.496679407599e+02	  3.203099731045e+00	  2.297700016388e+00	  1.412429808874e+00	  6.431236486221e-01	  1.431245551746e-01	
                   9	              transp	             2.49373	             106.066	                   0	  1.060659496747e+02	  3.496679407599e+02	  3.203099731045e+00	  2.297700016388e+00	  1.412429808874e+00	  6.431236486221e-01	  1.431245551746e-01	
                   9	              transp	             2.49373	             106.423	                   1	  1.064233278907e+02	  3.450548141312e+02	  3.360150928720e+00	  2.412336776012e+00	  1.484625878891e+00	  6.771515579990e-01	  1.510800060841e-01	
                   9	              transp	             2.49373	             106.781	                   2	  1.067807061067e+02	  3.404059942675e+02	  3.518417281678e+00	  2.528003539028e+00	  1.557599316578e+00	  7.116431834814e-01	  1.591948047686e-01	
                   9	              transp	             2.49373	             107.138	                   3	  1.071380843227e+02	  3.357302037136e+02	  3.677601836008e+00	  2.644491985200e+00	  1.631228486070e+00	  7.465510723107e-01	  1.674648346982e-01	
                   9	              transp	             2.49373	             107.495	                   4	  1.074954625387e+02	  3.310359877649e+02	  3.837413672136e+00	  2.761598244515e+00	  1.705394686266e+00	  7.818293080284e-01	  1.758863357102e-01	
                   9	              transp	             2.49373	             107.853	                   5	  1.078528407547e+02	  3.263316760649e+02	  3.997569212214e+00	  2.879123777646e+00	  1.779982608864e+00	  8.174336160224e-01	  1.844558563174e-01	
                   9	              transp	             2.49373	              108.21	                   6	  1.082102189707e+02	  3.216253484696e+02	  4.157793382269e+00	  2.996876148507e+00	  1.854880726784e+00	  8.533214391228e-01	  1.931702114322e-01	
                   9	              transp	             2.49373	             108.568	                   7	  1.085675971867e+02	  3.169248051329e+02	  4.317820630620e+00	  3.114669696822e+00	  1.929981630029e+00	  8.894520075750e-01	  2.020264643883e-01	
                   9	              transp	             2.49373	             108.925	                   8	  1.089249754027e+02	  3.122375407253e+02	  4.477395805601e+00	  3.232326117449e+00	  2.005182318625e+00	  9.257864134450e-01	  2.110219386445e-01	
                   9	              transp	             2.49373	             109.282	                   9	  1.092823536187e+02	  3.075707226576e+02	  4.636274896901e+00	  3.349674953315e+00	  2.080384461067e+00	  9.622876970531e-01	  2.201542618069e-01	
                   9	              transp	             2.49373	              109.64	                  10	  1.096397318347e+02	  3.029311731528e+02	  4.794225645926e+00	  3.466554008495e+00	  2.155494624901e+00	  9.989209499518e-01	  2.294214415152e-01	
                   9	              transp	             2.49373	             109.997	                  11	  1.099971100507e+02	  2.983253549811e+02	  4.951028031452e+00	  3.582809687288e+00	  2.230424483786e+00	  1.035653435536e+00	  2.388219695903e-01	
                   9	              transp	             2.49373	             110.354	                  12	  1.103544882667e+02	  2.937593606528e+02	  5.106474637520e+00	  3.698297264267e+00	  2.305091003027e+00	  1.072454724926e+00	  2.483549479311e-01	
                   9	              transp	             2.49373	             110.712	                  13	  1.107118664827e+02	  2.892389048525e+02	  5.260370911045e+00	  3.812881089282e+00	  2.379416603154e+00	  1.109296842618e+00	  2.580202272396e-01	
                   9	              transp	             2.49373	             111.069	                  14	  1.110692446987e+02	  2.847693198814e+02	  5.412535316948e+00	  3.926434730490e+00	  2.453329299113e+00	  1.146154413778e+00	  2.678185479631e-01	
                   9	              transp	             2.49373	             111.427	                  15	  1.114266229147e+02	  2.803555538743e+02	  5.562799398871e+00	  4.038841057652e+00	  2.526762810967e+00	  1.183004803267e+00	  2.777516719940e-01	
                   9	              transp	             2.49373	             111.784	                  16	  1.117840011307e+02	  2.760021715519e+02	  5.711007753575e+00	  4.149992267362e+00	  2.599656641026e+00	  1.219828235511e+00	  2.878224937165e-01	
                   9	              transp	             2.49373	             112.141	                  17	  1.121413793467e+02	  2.717133572686e+02	  5.857017927154e+00	  4.259789851554e+00	  2.671956111860e+00	  1.256607884334e+00	  2.980351198925e-01	
                   9	              transp	             2.49373	             112.499	                  18	  1.124987575627e+02	  2.674929201240e+02	  6.000700241048e+00	  4.368144510542e+00	  2.743612359928e+00	  1.293329922732e+00	  3.083949095260e-01	
                   9	              transp	             2.49373	             112.856	                  19	  1.128561357787e+02	  2.633443009047e+02	  6.141937555681e+00	  4.474976012086e+00	  2.814582280307e+00	  1.329983524154e+00	  3.189084670703e-01	
                   9	              transp	             2.49373	             113.214	                  20	  1.132135139947e+02	  2.592705806383e+02	  6.280624979276e+00	  4.580212998346e+00	  2.884828419287e+00	  1.366560809102e+00	  3.295835849572e-01	
                   9	              transp	             2.49373	             113.571	                  21	  1.135708922107e+02	  2.552744905434e+02	  6.416669529095e+00	  4.683792743210e+00	  2.954318813191e+00	  1.403056733396e+00	  3.404291342068e-01	
                   9	              transp	             2.49373	             113.928	                  22	  1.139282704267e+02	  2.513584231748e+02	  6.549989752007e+00	  4.785660863148e+00	  3.023026773601e+00	  1.439468917269e+00	  3.514549046434e-01	
                   9	              transp	             2.49373	             114.286	                  23	  1.142856486427e+02	  2.475244445719e+02	  6.680515310907e+00	  4.885770985462e+00	  3.090930621024e+00	  1.475797417237e+00	  3.626713988133e-01	
                   9	              transp	             2.49373	             114.643	                  24	  1.146430268587e+02	  2.437743072306e+02	  6.808186543103e+00	  4.984084378551e+00	  3.158013370874e+00	  1.512044445254e+00	  3.740895859617e-01	
                   9	              transp	             2.49373	                 115	                  25	  1.150004050747e+02	  2.401094637305e+02	  6.932953996365e+00	  5.080569549420e+00	  3.224262377311e+00	  1.548214042070e+00	  3.857206243036e-01	
                   9	              transp	             2.49373	             115.358	                  26	  1.153577832907e+02	  2.365310808645e+02	  7.054777947919e+00	  5.175201814260e+00	  3.289668941942e+00	  1.584311713633e+00	  3.975755613133e-01	
                   9	              transp	             2.49373	             115.715	                  27	  1.157151615067e+02	  2.330400541256e+02	  7.173627911222e+00	  5.267962848340e+00	  3.354227895632e+00	  1.620344041069e+00	  4.096650228991e-01	
                  10	              transp	             2.49373	             115.715	                   0	  1.157151615067e+02	  2.330400541256e+02	  7.173627911222e+00	  5.267962848340e+00	  3.354227895632e+00	  1.620344041069e+00	  4.096650228991e-01	
                  10	              transp	             2.49373	             132.132	                   1	  1.321318281733e+02	  2.330401297164e+02	  7.173625337778e+00	  4.919663597532e+00	  2.827769378056e+00	  1.151622631897e+00	  2.067075275929e-01	
                  11	              transp	             2.49373	             132.132	                   0	  1.321318281733e+02	  2.330401297164e+02	  7.173625337778e+00	  4.919663597532e+00	  2.827769378056e+00	  1.151622631897e+00	  2.067075275929e-01	
                  11	              transp	             2.49373	             132.489	                   1	  1.324892063893e+02	  2.296371000433e+02	  7.289479492453e+00	  5.004532451723e+00	  2.881479227945e+00	  1.177190508358e+00	  2.129309320554e-01	
                  11	              transp	             2.49373	             132.847	                   2	  1.328465846053e+02	  2.263224622570e+02	  7.402324397047e+00	  5.087635645419e+00	  2.934473225880e+00	  1.202722416718e+00	  2.192821210977e-01	
                  11	              transp	             2.49373	             133.204	                   3	  1.332039628213e+02	  2.230963866021e+02	  7.512154255684e+00	  5.168971263293e+00	  2.986753732056e+00	  1.228223628299e+00	  2.257649278594e-01	
                  11	              transp	             2.49373	             133.561	                   4	  1.335613410373e+02	  2.199588311428e+02	  7.618970496042e+00	  5.248541575985e+00	  3.038324595217e+00	  1.253699036447e+00	  2.323823953665e-01	
                  11	              transp	             2.49373	             133.919	                   5	  1.339187192533e+02	  2.169095563329e+02	  7.722781273335e+00	  5.326352622118e+00	  3.089190827305e+00	  1.279152944875e+00	  2.391367012686e-01	
                  11	              transp	             2.49373	             134.276	                   6	  1.342760974693e+02	  2.139481393385e+02	  7.823600982693e+00	  5.402413805027e+00	  3.139358293695e+00	  1.304588870792e+00	  2.460290980982e-01	
                  11	              transp	             2.49373	             134.633	                   7	  1.346334756853e+02	  2.110739880516e+02	  7.921449782086e+00	  5.476737513715e+00	  3.188833441151e+00	  1.330009394160e+00	  2.530598906071e-01	
                  11	              transp	             2.49373	             134.991	                   8	  1.349908539013e+02	  2.082863547392e+02	  8.016353127649e+00	  5.549338772982e+00	  3.237623070647e+00	  1.355416060326e+00	  2.602284541439e-01	
                  11	              transp	             2.49373	             135.348	                   9	  1.353482321173e+02	  2.055843492817e+02	  8.108341322981e+00	  5.620234926759e+00	  3.285734160666e+00	  1.380809341350e+00	  2.675332963442e-01	
                  11	              transp	             2.49373	             135.706	                  10	  1.357056103333e+02	  2.029669519642e+02	  8.197449083683e+00	  5.689445357591e+00	  3.333173744675e+00	  1.406188658880e+00	  2.749721623007e-01	
                  11	              transp	             2.49373	             136.063	                  11	  1.360629885493e+02	  2.004330257879e+02	  8.283715118209e+00	  5.756991243876e+00	  3.379948844168e+00	  1.431552468542e+00	  2.825421809771e-01	
                  11	              transp	             2.49373	              136.42	                  12	  1.364203667653e+02	  1.979813282798e+02	  8.367181725831e+00	  5.822895355075e+00	  3.426066456174e+00	  1.456898402654e+00	  2.902400481122e-01	
                  11	              transp	             2.49373	             136.778	                  13	  1.367777449813e+02	  1.956105227807e+02	  8.447894412324e+00	  5.887181883610e+00	  3.471533591515e+00	  1.482223464942e+00	  2.980622384312e-01	
                  11	              transp	             2.49373	             137.135	                  14	  1.371351231973e+02	  1.933191892007e+02	  8.525901523821e+00	  5.949876310786e+00	  3.516357357668e+00	  1.507524267971e+00	  3.060052378642e-01	
                  11	              transp	             2.49373	             137.493	                  15	  1.374925014133e+02	  1.911058342328e+02	  8.601253899070e+00	  6.011005302759e+00	  3.560545077876e+00	  1.532797301521e+00	  3.140657848561e-01	
                  11	              transp	             2.49373	              137.85	                  16	  1.378498796293e+02	  1.889689010243e+02	  8.674004540210e+00	  6.070596631564e+00	  3.604104436458e+00	  1.558039218310e+00	  3.222411088963e-01	
                  11	              transp	             2.49373	             138.207	                  17	  1.382072578453e+02	  1.869067783034e+02	  8.744208302049e+00	  6.128679115442e+00	  3.647043639123e+00	  1.583247122410e+00	  3.305291541793e-01	
                  11	              transp	             2.49373	             138.565	                  18	  1.385646360613e+02	  1.849178089670e+02	  8.811921599694e+00	  6.185282572301e+00	  3.689371576600e+00	  1.608418845547e+00	  3.389287768506e-01	
                  11	              transp	             2.49373	             138.922	                  19	  1.389220142773e+02	  1.830002981366e+02	  8.877202134293e+00	  6.240437780073e+00	  3.731097980069e+00	  1.633553197142e+00	  3.474399055457e-01	
                  11	              transp	             2.49373	             139.279	                  20	  1.392793924933e+02	  1.811525206921e+02	  8.940108636550e+00	  6.294176438006e+00	  3.772233557675e+00	  1.658650175432e+00	  3.560636567821e-01	
                  12	              transp	             2.49373	             139.279	                   0	  1.392793924933e+02	  1.811525206921e+02	  8.940108636550e+00	  6.294176438006e+00	  3.772233557675e+00	  1.658650175432e+00	  3.560636567821e-01	
                  12	              transp	             2.49373	             163.279	                   1	  1.632793924933e+02	  1.811526516177e+02	  8.940104179263e+00	  5.695199607106e+00	  2.938993268072e+00	  1.006827439709e+00	  1.309872494396e-01	
                  12	              transp	             2.49373	             187.279	                   2	  1.872793924933e+02	  1.811527825430e+02	  8.940099721990e+00	  5.153223600305e+00	  2.289805574792e+00	  6.111605137519e-01	  4.818705641226e-02	
                  12	              transp	             2.49373	             211.279	                   3	  2.112793924933e+02	  1.811529134678e+02	  8.940095264731e+00	  4.662824010880e+00	  1.784015508750e+00	  3.709843006239e-01	  1.772685826757e-02	
                  12	              transp	             2.49373	             235.279	                   4	  2.352793924933e+02	  1.811530443923e+02	  8.940090807485e+00	  4.219092638476e+00	  1.389948286658e+00	  2.251934609855e-01	  6.521284499085e-03	
                  12	              transp	             2.49373	             259.279	                   5	  2.592793924933e+02	  1.811531753163e+02	  8.940086350252e+00	  3.817588365017e+00	  1.082925697737e+00	  1.366960671525e-01	  2.399023610162e-03	
                  12	              transp	             2.49373	             283.279	                   6	  2.832793924933e+02	  1.811533062399e+02	  8.940081893033e+00	  3.454292705457e+00	  8.437206463551e-01	  8.297672007524e-02	  8.825430454552e-04	
                  12	              transp	             2.49373	             307.279	                   7	  3.072793924933e+02	  1.811534371632e+02	  8.940077435828e+00	  3.125569588467e+00	  6.573530673196e-01	  5.036820896072e-02	  3.246663450000e-04	
                  12	              transp	             2.49373	             331.279	                   8	  3.312793924933e+02	  1.811535680860e+02	  8.940072978636e+00	  2.828128964558e+00	  5.121518087552e-01	  3.057431616493e-02	  1.194369340899e-04	
                  12	              transp	             2.49373	             355.279	                   9	  3.552793924933e+02	  1.811536990085e+02	  8.940068521458e+00	  2.558993877370e+00	  3.990237335942e-01	  1.855910361400e-02	  4.393797338238e-05	
                  12	              transp	             2.49373	             379.279	                  10	  3.792793924933e+02	  1.811538299305e+02	  8.940064064293e+00	  2.315470668589e+00	  3.108842676130e-01	  1.126567557863e-02	  1.616372283439e-05	
                  12	              transp	             2.49373	             403.279	                  11	  4.032793924933e+02	  1.811539608522e+02	  8.940059607142e+00	  2.095122018274e+00	  2.422137324485e-01	  6.838446989824e-03	  5.946244575111e-06	
                  12	              transp	             2.49373	             427.279	                  12	  4.272793924933e+02	  1.811540917735e+02	  8.940055150004e+00	  1.895742550750e+00	  1.887116792276e-01	  4.151047747314e-03	  2.187480254967e-06	
                  12	              transp	             2.49373	             451.279	                  13	  4.512793924933e+02	  1.811542226943e+02	  8.940050692880e+00	  1.715336761957e+00	  1.470275756742e-01	  2.519753012068e-03	  8.047213338463e-07	
                  12	              transp	             2.49373	             475.279	                  14	  4.752793924933e+02	  1.811543536148e+02	  8.940046235769e+00	  1.552099047289e+00	  1.145509811429e-01	  1.529530766230e-03	  2.960376073518e-07	
                  12	              transp	             2.49373	             499.279	                  15	  4.992793924933e+02	  1.811544845348e+02	  8.940041778672e+00	  1.404395630073e+00	  8.924806942266e-02	  9.284498733173e-04	  1.089051094837e-07	
