                 sim	               state	              dist_x	                time	                step	                 Day	        IC_Cl_(mg/l)	             NO3_0.0	             NO3_0.1	            NO3_0.25	             NO3_0.5	             NO3_1.0	
                   1	              transp	             2.49373	                   0	                   0	  0.000000000000e+00	  4.983710001901e+02	  1.019919393467e-01	  1.019919393467e-01	  1.019919393467e-01	  1.019919393467e-01	  1.019919393467e-01	
                   1	              transp	             2.49373	            0.210212	                   1	  2.102115493000e-01	  4.983710001901e+02	  1.019919393467e-01	  1.019026440568e-01	  1.017692028955e-01	  1.015469424559e-01	  1.011024214123e-01	
                   1	              transp	             2.49373	            0.420423	                   2	  4.204230986000e-01	  4.983710001901e+02	  1.019919393467e-01	  1.018134269350e-01	  1.015469528014e-01	  1.011038868389e-01	  1.002206602767e-01	
                   1	              transp	             2.49373	            0.630635	                   3	  6.306346479000e-01	  4.983710001901e+02	  1.019919393467e-01	  1.017242879240e-01	  1.013251880712e-01	  1.006627643011e-01	  9.934658938914e-02	
                   1	              transp	             2.49373	            0.840846	                   4	  8.408461972000e-01	  4.983710001901e+02	  1.019919393467e-01	  1.016352269554e-01	  1.011039076451e-01	  1.002235664083e-01	  9.848014167946e-02	
                   1	              transp	             2.49373	             1.05106	                   5	  1.051057746500e+00	  4.983710001901e+02	  1.019919393467e-01	  1.015462439608e-01	  1.008831104653e-01	  9.978628476324e-02	  9.762125066234e-02	
                   1	              transp	             2.49373	             1.26127	                   6	  1.261269295800e+00	  4.983710001901e+02	  1.019919393467e-01	  1.014573388721e-01	  1.006627954765e-01	  9.935091100512e-02	  9.676985043236e-02	
                   1	              transp	             2.49373	             1.47148	                   7	  1.471480845100e+00	  4.983710001901e+02	  1.019919393467e-01	  1.013685116209e-01	  1.004429616257e-01	  9.891743680975e-02	  9.592587565890e-02	
                   1	              transp	             2.49373	             1.68169	                   8	  1.681692394400e+00	  4.983710001901e+02	  1.019919393467e-01	  1.012797621392e-01	  1.002236078621e-01	  9.848585388921e-02	  9.508926158110e-02	
                   1	              transp	             2.49373	              1.8919	                   9	  1.891903943700e+00	  4.983710001901e+02	  1.019919393467e-01	  1.011910903588e-01	  1.000047331372e-01	  9.805615399176e-02	  9.425994400291e-02	
                   1	              transp	             2.49373	             2.10212	                  10	  2.102115493000e+00	  4.983710001901e+02	  1.019919393467e-01	  1.011024962117e-01	  9.978633640503e-02	  9.762832890165e-02	  9.343785928819e-02	
                   1	              transp	             2.49373	             2.31233	                  11	  2.312327042300e+00	  4.983710001901e+02	  1.019919393467e-01	  1.010139796300e-01	  9.956841662157e-02	  9.720237043899e-02	  9.262294435577e-02	
                   2	              transp	             2.49373	             2.31233	                   0	  2.312327042300e+00	  4.983710001901e+02	  1.019919393467e-01	  1.010139796300e-01	  9.956841662157e-02	  9.720237043899e-02	  9.262294435577e-02	
                   2	              transp	             2.49373	              34.979	                   1	  3.497899370897e+01	  4.983710001900e+02	  1.019919393467e-01	  8.815941585140e-02	  7.088874418711e-02	  4.927061117126e-02	  2.374653566313e-02	
                   3	              transp	             2.49373	              34.979	                   0	  3.497899370897e+01	  4.983710001900e+02	  1.019919393467e-01	  8.815941585140e-02	  7.088874418711e-02	  4.927061117126e-02	  2.374653566313e-02	
                   3	              transp	             2.49373	             35.1892	                   1	  3.518920525827e+01	  4.983710001900e+02	  1.019919393467e-01	  8.808223110891e-02	  7.073393281375e-02	  4.905564043454e-02	  2.353943110559e-02	
                   3	              transp	             2.49373	             35.3994	                   2	  3.539941680757e+01	  4.983710001900e+02	  1.019919393469e-01	  8.800511394286e-02	  7.057945952750e-02	  4.884160762859e-02	  2.333413280306e-02	
                   3	              transp	             2.49373	             35.6096	                   3	  3.560962835687e+01	  4.983710001899e+02	  1.019919393498e-01	  8.792806429624e-02	  7.042532359175e-02	  4.862850866235e-02	  2.313062500290e-02	
                   3	              transp	             2.49373	             35.8198	                   4	  3.581983990617e+01	  4.983710001890e+02	  1.019919393778e-01	  8.785108212922e-02	  7.027152428521e-02	  4.841633947205e-02	  2.292889209436e-02	
                   3	              transp	             2.49373	             36.0301	                   5	  3.603005145547e+01	  4.983710001818e+02	  1.019919395812e-01	  8.777416751201e-02	  7.011806097597e-02	  4.820509607197e-02	  2.272891863120e-02	
                   3	              transp	             2.49373	             36.2403	                   6	  3.624026300477e+01	  4.983710001411e+02	  1.019919407465e-01	  8.769732106178e-02	  6.996493346967e-02	  4.799477479270e-02	  2.253068944196e-02	
                   3	              transp	             2.49373	             36.4505	                   7	  3.645047455407e+01	  4.983709999496e+02	  1.019919462185e-01	  8.762054559144e-02	  6.981214332090e-02	  4.778537317605e-02	  2.233419004460e-02	
                   3	              transp	             2.49373	             36.6607	                   8	  3.666068610337e+01	  4.983709991904e+02	  1.019919679157e-01	  8.754385126601e-02	  6.965969792701e-02	  4.757689276072e-02	  2.213940793202e-02	
                   3	              transp	             2.49373	             36.8709	                   9	  3.687089765267e+01	  4.983709965851e+02	  1.019920423733e-01	  8.746726933458e-02	  6.950762141013e-02	  4.736934646360e-02	  2.194633595847e-02	
                   3	              transp	             2.49373	             37.0811	                  10	  3.708110920197e+01	  4.983709886902e+02	  1.019922680009e-01	  8.739088398112e-02	  6.935597980754e-02	  4.716277561047e-02	  2.175498010287e-02	
                   3	              transp	             2.49373	             37.2913	                  11	  3.729132075127e+01	  4.983709672106e+02	  1.019928818686e-01	  8.731489787506e-02	  6.920493280751e-02	  4.695728479251e-02	  2.156537524813e-02	
                   3	              transp	             2.49373	             37.5015	                  12	  3.750153230057e+01	  4.983709140093e+02	  1.019944023153e-01	  8.723975373614e-02	  6.905482948483e-02	  4.675310613148e-02	  2.137761406059e-02	
                   3	              transp	             2.49373	             37.7117	                  13	  3.771174384987e+01	  4.983707926500e+02	  1.019978707227e-01	  8.716634011295e-02	  6.890636998173e-02	  4.655070739237e-02	  2.119189519449e-02	
                   3	              transp	             2.49373	              37.922	                  14	  3.792195539917e+01	  4.983705351714e+02	  1.020052297228e-01	  8.709631275449e-02	  6.876085738854e-02	  4.635095971564e-02	  2.100859745604e-02	
                   3	              transp	             2.49373	             38.1322	                  15	  3.813216694847e+01	  4.983700228416e+02	  1.020198733003e-01	  8.703256121878e-02	  6.862056248693e-02	  4.615537942799e-02	  2.082838576267e-02	
                   3	              transp	             2.49373	             38.3424	                  16	  3.834237849777e+01	  4.983690599104e+02	  1.020473960891e-01	  8.697984322972e-02	  6.848921820208e-02	  4.596645427600e-02	  2.065235272096e-02	
                   3	              transp	             2.49373	             38.5526	                  17	  3.855259004707e+01	  4.983673398625e+02	  1.020965590133e-01	  8.694560054680e-02	  6.837265362209e-02	  4.578805965365e-02	  2.048219749136e-02	
                   3	              transp	             2.49373	             38.7628	                  18	  3.876280159637e+01	  4.983644043337e+02	  1.021804631717e-01	  8.694094861708e-02	  6.827956058153e-02	  4.562595921102e-02	  2.032043885134e-02	
                   3	              transp	             2.49373	              38.973	                  19	  3.897301314567e+01	  4.983595956052e+02	  1.023179077090e-01	  8.698181881046e-02	  6.822237561067e-02	  4.548837797208e-02	  2.017065739156e-02	
                   3	              transp	             2.49373	             39.1832	                  20	  3.918322469497e+01	  4.983520043311e+02	  1.025348838918e-01	  8.709021259043e-02	  6.821824554650e-02	  4.538662747680e-02	  2.003775947376e-02	
                   3	              transp	             2.49373	             39.3934	                  21	  3.939343624427e+01	  4.983404148011e+02	  1.028661396124e-01	  8.729551261170e-02	  6.829003509009e-02	  4.533575751707e-02	  1.992825577708e-02	
                   3	              transp	             2.49373	             39.6036	                  22	  3.960364779357e+01	  4.983232505040e+02	  1.033567351359e-01	  8.763578560165e-02	  6.846732831656e-02	  4.535520712760e-02	  1.985054949322e-02	
                   3	              transp	             2.49373	             39.8139	                  23	  3.981385934287e+01	  4.982985230245e+02	  1.040635039879e-01	  8.815900742430e-02	  6.878737450656e-02	  4.546942888579e-02	  1.981523308421e-02	
                   3	              transp	             2.49373	             40.0241	                  24	  4.002407089217e+01	  4.982637872593e+02	  1.050563329030e-01	  8.892414205367e-02	  6.929593137787e-02	  4.570846451956e-02	  1.983539683420e-02	
                   3	              transp	             2.49373	             40.2343	                  25	  4.023428244147e+01	  4.982161057456e+02	  1.064191813952e-01	  9.000201270023e-02	  7.004796494206e-02	  4.610845508728e-02	  1.992695575932e-02	
                   3	              transp	             2.49373	             40.4445	                  26	  4.044449399077e+01	  4.981520244498e+02	  1.082507737729e-01	  9.147591390455e-02	  7.110817352314e-02	  4.671207420641e-02	  2.010900247611e-02	
                   3	              transp	             2.49373	             40.6547	                  27	  4.065470554007e+01	  4.980675617911e+02	  1.106649128661e-01	  9.344192664693e-02	  7.255131265315e-02	  4.756887684376e-02	  2.040419159581e-02	
                   3	              transp	             2.49373	             40.8649	                  28	  4.086491708937e+01	  4.979582120111e+02	  1.137903837219e-01	  9.600891302770e-02	  7.446230653642e-02	  4.873555841791e-02	  2.083915609865e-02	
                   3	              transp	             2.49373	             41.0751	                  29	  4.107512863867e+01	  4.978189633033e+02	  1.177704354186e-01	  9.929818162709e-02	  7.693613984946e-02	  5.027611936209e-02	  2.144494867795e-02	
                   3	              transp	             2.49373	             41.2853	                  30	  4.128534018797e+01	  4.976443304408e+02	  1.227618484809e-01	  1.034428283053e-01	  8.007753050153e-02	  5.226192930326e-02	  2.225749248941e-02	
                   3	              transp	             2.49373	             41.4956	                  31	  4.149555173727e+01	  4.974284010273e+02	  1.289336129422e-01	  1.085867692918e-01	  8.400038961447e-02	  5.477168338141e-02	  2.331801757365e-02	
                   3	              transp	             2.49373	             41.7058	                  32	  4.170576328657e+01	  4.971648939705e+02	  1.364652570164e-01	  1.148834935499e-01	  8.882707957624e-02	  5.789124178760e-02	  2.467345281093e-02	
                   3	              transp	             2.49373	              41.916	                  33	  4.191597483587e+01	  4.968472283722e+02	  1.455448780596e-01	  1.224945694126e-01	  9.468748483615e-02	  6.171334304997e-02	  2.637673963949e-02	
                   3	              transp	             2.49373	             42.1262	                  34	  4.212618638517e+01	  4.964686007373e+02	  1.563669357817e-01	  1.315879463585e-01	  1.017179133779e-01	  6.633718240682e-02	  2.848703345961e-02	
                   3	              transp	             2.49373	             42.3364	                  35	  4.233639793447e+01	  4.960220682312e+02	  1.691298725243e-01	  1.423360966235e-01	  1.100598496854e-01	  7.186784894637e-02	  3.106976168734e-02	
                   3	              transp	             2.49373	             42.5466	                  36	  4.254660948377e+01	  4.955006356636e+02	  1.840336270809e-01	  1.549140432929e-01	  1.198585825683e-01	  7.841561895199e-02	  3.419651340959e-02	
                   3	              transp	             2.49373	             42.7568	                  37	  4.275682103307e+01	  4.948973439113e+02	  2.012771073669e-01	  1.694973217823e-01	  1.312617334149e-01	  8.609510774362e-02	  3.794474380861e-02	
                   3	              transp	             2.49373	              42.967	                  38	  4.296703258237e+01	  4.942053576192e+02	  2.210556837163e-01	  1.862599204232e-01	  1.444177122053e-01	  9.502428778729e-02	  4.239728608297e-02	
                   3	              transp	             2.49373	             43.1772	                  39	  4.317724413167e+01	  4.934180502070e+02	  2.435587591894e-01	  2.053722434431e-01	  1.594741298429e-01	  1.053233864437e-01	  4.764167357614e-02	
                   3	              transp	             2.49373	             43.3875	                  40	  4.338745568097e+01	  4.925290844455e+02	  2.689674665271e-01	  2.269991362052e-01	  1.765761959406e-01	  1.171136819587e-01	  5.376928439105e-02	
                   3	              transp	             2.49373	             43.5977	                  41	  4.359766723027e+01	  4.915324871309e+02	  2.974525337730e-01	  2.512980083718e-01	  1.958651310580e-01	  1.305162207517e-01	  6.087432923253e-02	
                   3	              transp	             2.49373	             43.8079	                  42	  4.380787877957e+01	  4.904227166705e+02	  3.291723525238e-01	  2.784170858975e-01	  2.174766214986e-01	  1.456504824394e-01	  6.905271008373e-02	
                   3	              transp	             2.49373	             44.0181	                  43	  4.401809032887e+01	  4.891947226750e+02	  3.642712746418e-01	  3.084938176519e-01	  2.415393431523e-01	  1.626330211633e-01	  7.840078229543e-02	
                   3	              transp	             2.49373	             44.2283	                  44	  4.422830187817e+01	  4.878439969298e+02	  4.028781553787e-01	  3.416534571978e-01	  2.681735785793e-01	  1.815761126103e-01	  8.901405564444e-02	
                   3	              transp	             2.49373	             44.4385	                  45	  4.443851342747e+01	  4.863666153763e+02	  4.451051534457e-01	  3.780078349895e-01	  2.974899486692e-01	  2.025864356823e-01	  1.009858709554e-01	
                   3	              transp	             2.49373	             44.6487	                  46	  4.464872497677e+01	  4.847592709718e+02	  4.910467918099e-01	  4.176543311471e-01	  3.295882769029e-01	  2.257638161918e-01	  1.144060881584e-01	
                   3	              transp	             2.49373	             44.8589	                  47	  4.485893652607e+01	  4.830192975044e+02	  5.407792770048e-01	  4.606750541347e-01	  3.645566006411e-01	  2.512000574344e-01	  1.293598194350e-01	
                   3	              transp	             2.49373	             45.0691	                  48	  4.506914807537e+01	  4.811446846210e+02	  5.943600695893e-01	  5.071362262172e-01	  4.024703400925e-01	  2.789778792177e-01	  1.459262376998e-01	
                   3	              transp	             2.49373	             45.2794	                  49	  4.527935962467e+01	  4.791340844772e+02	  6.518276940933e-01	  5.570877725700e-01	  4.433916318382e-01	  3.091699831408e-01	  1.641774863978e-01	
                   3	              transp	             2.49373	             45.4896	                  50	  4.548957117397e+01	  4.769868105359e+02	  7.132017733381e-01	  6.105631074145e-01	  4.873688301072e-01	  3.418382578387e-01	  1.841777117893e-01	
                   4	              transp	             2.49373	             45.4896	                   0	  4.548957117397e+01	  4.769868105359e+02	  7.132017733381e-01	  6.105631074145e-01	  4.873688301072e-01	  3.418382578387e-01	  1.841777117893e-01	
                   4	              transp	             2.49373	             59.1562	                   1	  5.915623784063e+01	  4.769867396472e+02	  7.132037995012e-01	  5.767677862186e-01	  4.227965336198e-01	  2.572567464999e-01	  1.042148598664e-01	
                   5	              transp	             2.49373	             59.1562	                   0	  5.915623784063e+01	  4.769867396472e+02	  7.132037995012e-01	  5.767677862186e-01	  4.227965336198e-01	  2.572567464999e-01	  1.042148598664e-01	
                   5	              transp	             2.49373	             59.3664	                   1	  5.936644938993e+01	  4.747027569841e+02	  7.784853317077e-01	  6.306277670298e-01	  4.636277563299e-01	  2.837432448794e-01	  1.165526692168e-01	
                   5	              transp	             2.49373	             59.5767	                   2	  5.957666093923e+01	  4.722826713962e+02	  8.476570017904e-01	  6.878328782799e-01	  5.071570090968e-01	  3.121601335554e-01	  1.299373353492e-01	
                   5	              transp	             2.49373	             59.7869	                   3	  5.978687248853e+01	  4.697277042518e+02	  9.206839001998e-01	  7.483683932009e-01	  5.533892105945e-01	  3.425271299303e-01	  1.443891075357e-01	
                   5	              transp	             2.49373	             59.9971	                   4	  5.999708403783e+01	  4.670396681902e+02	  9.975142174976e-01	  8.122048281464e-01	  6.023170038780e-01	  3.748545726512e-01	  1.599223518318e-01	
                   5	              transp	             2.49373	             60.2073	                   5	  6.020729558713e+01	  4.642209369640e+02	  1.078080106316e+00	  8.792984964398e-01	  6.539209982920e-01	  4.091433999500e-01	  1.765454329422e-01	
                   5	              transp	             2.49373	             60.4175	                   6	  6.041750713643e+01	  4.612744117128e+02	  1.162298645344e+00	  9.495921688752e-01	  7.081701208483e-01	  4.453852339713e-01	  1.942606795561e-01	
                   5	              transp	             2.49373	             60.6277	                   7	  6.062771868573e+01	  4.582034843817e+02	  1.250072884909e+00	  1.023015824933e+00	  7.650220658723e-01	  4.835625643276e-01	  2.130644294103e-01	
                   5	              transp	             2.49373	             60.8379	                   8	  6.083793023503e+01	  4.550119989648e+02	  1.341292954723e+00	  1.099487478902e+00	  8.244238308011e-01	  5.236490221573e-01	  2.329471479226e-01	
                   5	              transp	             2.49373	             61.0481	                   9	  6.104814178433e+01	  4.517042112100e+02	  1.435837215625e+00	  1.178914065544e+00	  8.863123257028e-01	  5.656097350352e-01	  2.538936132767e-01	
                   5	              transp	             2.49373	             61.2584	                  10	  6.125835333363e+01	  4.482847473723e+02	  1.533573438493e+00	  1.261192370636e+00	  9.506150440477e-01	  6.094017524973e-01	  2.758831601873e-01	
                   5	              transp	             2.49373	             61.4686	                  11	  6.146856488293e+01	  4.447585625525e+02	  1.634359995034e+00	  1.346209992532e+00	  1.017250782473e+00	  6.549745316441e-01	  2.988899741946e-01	
                   5	              transp	             2.49373	             61.6788	                  12	  6.167877643223e+01	  4.411308991012e+02	  1.738047046681e+00	  1.433846321915e+00	  1.086130397697e+00	  7.022704722554e-01	  3.228834282088e-01	
                   5	              transp	             2.49373	              61.889	                  13	  6.188898798153e+01	  4.374072455160e+02	  1.844477719420e+00	  1.523973527928e+00	  1.157157589321e+00	  7.512254910413e-01	  3.478284530988e-01	
                   5	              transp	             2.49373	             62.0992	                  14	  6.209919953083e+01	  4.335932962036e+02	  1.953489253875e+00	  1.616457540050e+00	  1.230229697974e+00	  8.017696250367e-01	  3.736859343737e-01	
                   5	              transp	             2.49373	             62.3094	                  15	  6.230941108013e+01	  4.296949124265e+02	  2.064914121542e+00	  1.711159016214e+00	  1.305238509077e+00	  8.538276546780e-01	  4.004131274036e-01	
                   5	              transp	             2.49373	             62.5196	                  16	  6.251962262943e+01	  4.257180847040e+02	  2.178581099456e+00	  1.807934288826e+00	  1.382071053387e+00	  9.073197377637e-01	  4.279640841466e-01	
                   5	              transp	             2.49373	             62.7298	                  17	  6.272983417873e+01	  4.216688968886e+02	  2.294316296976e+00	  1.906636281535e+00	  1.460610396428e+00	  9.621620462843e-01	  4.562900850177e-01	
                   5	              transp	             2.49373	               62.94	                  18	  6.294004572803e+01	  4.175534920944e+02	  2.411944129622e+00	  2.007115390693e+00	  1.540736409980e+00	  1.018267399055e+00	  4.853400704193e-01	
                   5	              transp	             2.49373	             63.1503	                  19	  6.315025727733e+01	  4.133780406148e+02	  2.531288236071e+00	  2.109220326649e+00	  1.622326519890e+00	  1.075545884271e+00	  5.150610677116e-01	
                   5	              transp	             2.49373	             63.3605	                  20	  6.336046882663e+01	  4.091487099262e+02	  2.652172335518e+00	  2.212798911145e+00	  1.705256425851e+00	  1.133905467671e+00	  5.453986112043e-01	
                   5	              transp	             2.49373	             63.5707	                  21	  6.357068037593e+01	  4.048716368433e+02	  2.774421023531e+00	  2.317698828322e+00	  1.789400790288e+00	  1.193252583937e+00	  5.762971552003e-01	
                   5	              transp	             2.49373	             63.7809	                  22	  6.378089192523e+01	  4.005529018614e+02	  2.897860505425e+00	  2.423768328069e+00	  1.874633895242e+00	  1.253492711326e+00	  6.077004830972e-01	
                   5	              transp	             2.49373	             63.9911	                  23	  6.399110347453e+01	  3.961985056918e+02	  3.022319266928e+00	  2.530856881662e+00	  1.960830267891e+00	  1.314530931928e+00	  6.395521186277e-01	
                   5	              transp	             2.49373	             64.2013	                  24	  6.420131502383e+01	  3.918143479765e+02	  3.147628682561e+00	  2.638815790693e+00	  2.047865276889e+00	  1.376272482071e+00	  6.717957478369e-01	
                   5	              transp	             2.49373	             64.4115	                  25	  6.441152657313e+01	  3.874062081463e+02	  3.273623562759e+00	  2.747498751127e+00	  2.135615702834e+00	  1.438623298680e+00	  7.043756615824e-01	
                   5	              transp	             2.49373	             64.6217	                  26	  6.462173812243e+01	  3.829797283708e+02	  3.400142641200e+00	  2.856762374760e+00	  2.223960286445e+00	  1.501490567458e+00	  7.372372276109e-01	
                   5	              transp	             2.49373	             64.8319	                  27	  6.483194967173e+01	  3.785403985341e+02	  3.527029004248e+00	  2.966466670412e+00	  2.312780257618e+00	  1.564783277343e+00	  7.703273983500e-01	
                   5	              transp	             2.49373	             65.0422	                  28	  6.504216122103e+01	  3.740935431570e+02	  3.654130464717e+00	  3.076475486791e+00	  2.401959847089e+00	  1.628412782966e+00	  8.035952556591e-01	
                   5	              transp	             2.49373	             65.2524	                  29	  6.525237277033e+01	  3.696443101821e+02	  3.781299882444e+00	  3.186656918301e+00	  2.491386780527e+00	  1.692293372980e+00	  8.369925875214e-01	
                   5	              transp	             2.49373	             65.4626	                  30	  6.546258431963e+01	  3.651976615251e+02	  3.908395434344e+00	  3.296883674156e+00	  2.580952752498e+00	  1.756342837918e+00	  8.704744849273e-01	
                   5	              transp	             2.49373	             65.6728	                  31	  6.567279586893e+01	  3.607583652960e+02	  4.035280836769e+00	  3.407033410229e+00	  2.670553875433e+00	  1.820483027040e+00	  9.039999409704e-01	
                   5	              transp	             2.49373	              65.883	                  32	  6.588300741823e+01	  3.563309895840e+02	  4.161825523097e+00	  3.516989022280e+00	  2.760091096770e+00	  1.884640380264e+00	  9.375324293326e-01	
                   5	              transp	             2.49373	             66.0932	                  33	  6.609321896753e+01	  3.519198977088e+02	  4.287904779511e+00	  3.626638898588e+00	  2.849470576080e+00	  1.948746419040e+00	  9.710404364955e-01	
                   5	              transp	             2.49373	             66.3034	                  34	  6.630343051683e+01	  3.475292448280e+02	  4.413399841970e+00	  3.735877129773e+00	  2.938604013418e+00	  2.012738179216e+00	  1.004497921504e+00	
                   5	              transp	             2.49373	             66.5136	                  35	  6.651364206613e+01	  3.431629757966e+02	  4.538197957333e+00	  3.844603673671e+00	  3.027408920436e+00	  2.076558569679e+00	  1.037884678903e+00	
                   5	              transp	             2.49373	             66.7239	                  36	  6.672385361543e+01	  3.388248241813e+02	  4.662192411579e+00	  3.952724473508e+00	  3.115808826818e+00	  2.140156642611e+00	  1.071186584304e+00	
                   5	              transp	             2.49373	             66.9341	                  37	  6.693406516473e+01	  3.345183123261e+02	  4.785282527977e+00	  4.060151528341e+00	  3.203733416316e+00	  2.203487764368e+00	  1.104395707396e+00	
                   5	              transp	             2.49373	             67.1443	                  38	  6.714427671403e+01	  3.302467523656e+02	  4.907373637997e+00	  4.166802915561e+00	  3.291118588831e+00	  2.266513679941e+00	  1.137510283589e+00	
                   5	              transp	             2.49373	             67.3545	                  39	  6.735448826333e+01	  3.260132481062e+02	  5.028377027639e+00	  4.272602766289e+00	  3.377906447366e+00	  2.329202468250e+00	  1.170534542178e+00	
                   6	              transp	             2.49373	             67.3545	                   0	  6.735448826333e+01	  3.260132481062e+02	  5.028377027639e+00	  4.272602766289e+00	  3.377906447366e+00	  2.329202468250e+00	  1.170534542178e+00	
                   6	              transp	             2.49373	             81.9712	                   1	  8.197115493000e+01	  3.260132473120e+02	  5.028377050339e+00	  4.020153064256e+00	  2.901543725451e+00	  1.718581787441e+00	  6.366251996457e-01	
                   7	              transp	             2.49373	             81.9712	                   0	  8.197115493000e+01	  3.260132473120e+02	  5.028377050339e+00	  4.020153064256e+00	  2.901543725451e+00	  1.718581787441e+00	  6.366251996457e-01	
                   7	              transp	             2.49373	             82.1814	                   1	  8.218136647930e+01	  3.218207001083e+02	  5.148209792159e+00	  4.118834597415e+00	  2.975534872634e+00	  1.764568386887e+00	  6.545425476592e-01	
                   7	              transp	             2.49373	             82.3916	                   2	  8.239157802860e+01	  3.176718023596e+02	  5.266794931129e+00	  4.216588923669e+00	  3.048929103753e+00	  1.810272627669e+00	  6.724244023033e-01	
                   7	              transp	             2.49373	             82.6018	                   3	  8.260178957790e+01	  3.135690514251e+02	  5.384061086905e+00	  4.313361194400e+00	  3.121691989947e+00	  1.855684014017e+00	  6.902815642977e-01	
                   7	              transp	             2.49373	              82.812	                   4	  8.281200112720e+01	  3.095147507116e+02	  5.499942422780e+00	  4.409101767949e+00	  3.193793789854e+00	  1.900795847580e+00	  7.081270263220e-01	
                   7	              transp	             2.49373	             83.0222	                   5	  8.302221267650e+01	  3.055110145867e+02	  5.614378505213e+00	  4.503766007342e+00	  3.265209170831e+00	  1.945604867446e+00	  7.259755882776e-01	
                   7	              transp	             2.49373	             83.2324	                   6	  8.323242422580e+01	  3.015597736802e+02	  5.727314152314e+00	  4.597314054516e+00	  3.335916894806e+00	  1.990110847694e+00	  7.438434384842e-01	
                   7	              transp	             2.49373	             83.4426	                   7	  8.344263577510e+01	  2.976627805089e+02	  5.838699273083e+00	  4.689710586462e+00	  3.405899479195e+00	  2.034316168859e+00	  7.617477202572e-01	
                   7	              transp	             2.49373	             83.6528	                   8	  8.365284732440e+01	  2.938216153665e+02	  5.948488699055e+00	  4.780924558210e+00	  3.475142841331e+00	  2.078225374900e+00	  7.797060959275e-01	
                   7	              transp	             2.49373	             83.8631	                   9	  8.386305887370e+01	  2.900376924248e+02	  6.056642009911e+00	  4.870928937423e+00	  3.543635934566e+00	  2.121844726717e+00	  7.977363194676e-01	
                   7	              transp	             2.49373	             84.0733	                  10	  8.407327042300e+01	  2.863122659983e+02	  6.163123354431e+00	  4.959700435030e+00	  3.611370383606e+00	  2.165181762368e+00	  8.158558276611e-01	
                   7	              transp	             2.49373	             84.2835	                  11	  8.428348197230e+01	  2.826464369243e+02	  6.267901268123e+00	  5.047219235961e+00	  3.678340125956e+00	  2.208244872992e+00	  8.340813582973e-01	
                   7	              transp	             2.49373	             84.4937	                  12	  8.449369352160e+01	  2.790411590205e+02	  6.370948488663e+00	  5.133468733566e+00	  3.744541065443e+00	  2.251042902121e+00	  8.524286022946e-01	
                   7	              transp	             2.49373	             84.7039	                  13	  8.470390507090e+01	  2.754972455803e+02	  6.472241770236e+00	  5.218435270839e+00	  3.809970742857e+00	  2.293584774701e+00	  8.709118950316e-01	
                   7	              transp	             2.49373	             84.9141	                  14	  8.491411662020e+01	  2.720153758733e+02	  6.571761697740e+00	  5.302107891010e+00	  3.874628027810e+00	  2.335879160675e+00	  8.895439505768e-01	
                   7	              transp	             2.49373	             85.1243	                  15	  8.512432816950e+01	  2.685961016209e+02	  6.669492501690e+00	  5.384478099612e+00	  3.938512834900e+00	  2.377934176631e+00	  9.083356410103e-01	
                   7	              transp	             2.49373	             85.3345	                  16	  8.533453971880e+01	  2.652398534203e+02	  6.765421874624e+00	  5.465539639613e+00	  4.001625866425e+00	  2.419757127738e+00	  9.272958216826e-01	
                   7	              transp	             2.49373	             85.5448	                  17	  8.554475126810e+01	  2.619469470919e+02	  6.859540789659e+00	  5.545288280764e+00	  4.063968383027e+00	  2.461354291030e+00	  9.464312021357e-01	
                   7	              transp	             2.49373	              85.755	                  18	  8.575496281740e+01	  2.587175899308e+02	  6.951843321816e+00	  5.623721623960e+00	  4.125542002990e+00	  2.502730740239e+00	  9.657462616442e-01	
                   7	              transp	             2.49373	             85.9652	                  19	  8.596517436670e+01	  2.555518868435e+02	  7.042326472632e+00	  5.700838921103e+00	  4.186348530493e+00	  2.543890211875e+00	  9.852432081073e-01	
                   7	              transp	             2.49373	             86.1754	                  20	  8.617538591600e+01	  2.524498463528e+02	  7.130989998499e+00	  5.776640910860e+00	  4.246389812938e+00	  2.584835012231e+00	  1.004921979542e+00	
                   7	              transp	             2.49373	             86.3856	                  21	  8.638559746530e+01	  2.494113864602e+02	  7.217836243127e+00	  5.851129670707e+00	  4.305667627754e+00	  2.625565965654e+00	  1.024780288802e+00	
                   7	              transp	             2.49373	             86.5958	                  22	  8.659580901460e+01	  2.464363403518e+02	  7.302869974446e+00	  5.924308485868e+00	  4.364183599596e+00	  2.666082405575e+00	  1.044813714260e+00	
                   7	              transp	             2.49373	              86.806	                  23	  8.680602056390e+01	  2.435244619395e+02	  7.386098226227e+00	  5.996181736007e+00	  4.421939149647e+00	  2.706382211214e+00	  1.065015841575e+00	
                   7	              transp	             2.49373	             87.0162	                  24	  8.701623211320e+01	  2.406754312300e+02	  7.467530144624e+00	  6.066754800838e+00	  4.478935479417e+00	  2.746461894215e+00	  1.085378463627e+00	
                   7	              transp	             2.49373	             87.2264	                  25	  8.722644366250e+01	  2.378888595151e+02	  7.547176839824e+00	  6.136033985868e+00	  4.535173591731e+00	  2.786316739956e+00	  1.105891846453e+00	
                   7	              transp	             2.49373	             87.4367	                  26	  8.743665521180e+01	  2.351642943791e+02	  7.625051242920e+00	  6.204026469408e+00	  4.590654351314e+00	  2.825941007752e+00	  1.126545067813e+00	
                   7	              transp	             2.49373	             87.6469	                  27	  8.764686676110e+01	  2.325012245200e+02	  7.701167968114e+00	  6.270740271424e+00	  4.645378586230e+00	  2.865328192152e+00	  1.147326431738e+00	
                   7	              transp	             2.49373	             87.8571	                  28	  8.785707831040e+01	  2.298990843826e+02	  7.775543180285e+00	  6.336184244012e+00	  4.699347229594e+00	  2.904471344189e+00	  1.168223957066e+00	
                   7	              transp	             2.49373	             88.0673	                  29	  8.806728985970e+01	  2.273572586016e+02	  7.848194467973e+00	  6.400368082183e+00	  4.752561498464e+00	  2.943363447184e+00	  1.189225931352e+00	
                   7	              transp	             2.49373	             88.2775	                  30	  8.827750140900e+01	  2.248750862590e+02	  7.919140721754e+00	  6.463302352412e+00	  4.805023104123e+00	  2.981997836954e+00	  1.210321514442e+00	
                   7	              transp	             2.49373	             88.4877	                  31	  8.848771295830e+01	  2.224518649499e+02	  7.988402017996e+00	  6.524998535254e+00	  4.856734485278e+00	  3.020368651802e+00	  1.231501369550e+00	
                   7	              transp	             2.49373	             88.6979	                  32	  8.869792450760e+01	  2.200868546631e+02	  8.055999507936e+00	  6.585469077293e+00	  4.907699053519e+00	  3.058471294019e+00	  1.252758294677e+00	
                   7	              transp	             2.49373	             88.9081	                  33	  8.890813605690e+01	  2.177792814778e+02	  8.121955312028e+00	  6.644727447023e+00	  4.957921438894e+00	  3.096302882325e+00	  1.274087824383e+00	
                   7	              transp	             2.49373	             89.1183	                  34	  8.911834760620e+01	  2.155283410796e+02	  8.186292419452e+00	  6.702788188947e+00	  5.007407722857e+00	  3.133862673859e+00	  1.295488771567e+00	
                   7	              transp	             2.49373	             89.3286	                  35	  8.932855915550e+01	  2.133332020976e+02	  8.249034592720e+00	  6.759666970266e+00	  5.056165646179e+00	  3.171152435251e+00	  1.316963680991e+00	
                   7	              transp	             2.49373	             89.5388	                  36	  8.953877070480e+01	  2.111930092688e+02	  8.310206277235e+00	  6.815380615033e+00	  5.104204780640e+00	  3.208176744593e+00	  1.338519170510e+00	
                   7	              transp	             2.49373	              89.749	                  37	  8.974898225410e+01	  2.091068864323e+02	  8.369832515712e+00	  6.869947121420e+00	  5.151536655195e+00	  3.244943209677e+00	  1.360166141822e+00	
                   7	              transp	             2.49373	             89.9592	                  38	  8.995919380340e+01	  2.070739393585e+02	  8.427938867311e+00	  6.923385658820e+00	  5.198174829793e+00	  3.281462592212e+00	  1.381919849466e+00	
                   7	              transp	             2.49373	             90.1694	                  39	  9.016940535270e+01	  2.050932584177e+02	  8.484551331365e+00	  6.975716542648e+00	  5.244134912697e+00	  3.317748832482e+00	  1.403799824009e+00	
                   7	              transp	             2.49373	             90.3796	                  40	  9.037961690200e+01	  2.031639210932e+02	  8.539696275541e+00	  7.026961185934e+00	  5.289434519959e+00	  3.353818973698e+00	  1.425829652491e+00	
                   7	              transp	             2.49373	             90.5898	                  41	  9.058982845130e+01	  2.012849943445e+02	  8.593400368313e+00	  7.077142027979e+00	  5.334093178352e+00	  3.389692989790e+00	  1.448036625556e+00	
                   7	              transp	             2.49373	                90.8	                  42	  9.080004000060e+01	  1.994555368242e+02	  8.645690515571e+00	  7.126282441382e+00	  5.378132175425e+00	  3.425393524307e+00	  1.470451266100e+00	
                   7	              transp	             2.49373	             91.0103	                  43	  9.101025154990e+01	  1.976746009564e+02	  8.696593801244e+00	  7.174406619659e+00	  5.421574362303e+00	  3.460945551302e+00	  1.493106758376e+00	
                   7	              transp	             2.49373	             91.2205	                  44	  9.122046309920e+01	  1.959412348788e+02	  8.746137431760e+00	  7.221539448363e+00	  5.464443916407e+00	  3.496375971432e+00	  1.516038299345e+00	
                   7	              transp	             2.49373	             91.4307	                  45	  9.143067464850e+01	  1.942544842573e+02	  8.794348684214e+00	  7.267706363104e+00	  5.506766072254e+00	  3.531713158049e+00	  1.539282395518e+00	
                   7	              transp	             2.49373	             91.6409	                  46	  9.164088619780e+01	  1.926133939748e+02	  8.841254858067e+00	  7.312933198177e+00	  5.548566829110e+00	  3.566986468746e+00	  1.562876128847e+00	
                   7	              transp	             2.49373	             91.8511	                  47	  9.185109774710e+01	  1.910170097026e+02	  8.886883230254e+00	  7.357246029570e+00	  5.589872644358e+00	  3.602225737805e+00	  1.586856414448e+00	
                   7	              transp	             2.49373	             92.0613	                  48	  9.206130929640e+01	  1.894643793575e+02	  8.931261013525e+00	  7.400671016099e+00	  5.630710121258e+00	  3.637460764371e+00	  1.611259271307e+00	
                   7	              transp	             2.49373	             92.2715	                  49	  9.227152084570e+01	  1.879545544507e+02	  8.974415317895e+00	  7.443234242180e+00	  5.671105699167e+00	  3.672720809968e+00	  1.636119124854e+00	
                   7	              transp	             2.49373	             92.4817	                  50	  9.248173239500e+01	  1.864865913335e+02	  9.016373115040e+00	  7.484961565454e+00	  5.711085353577e+00	  3.708034117526e+00	  1.661468157559e+00	
                   8	              transp	             2.49373	             92.4817	                   0	  9.248173239500e+01	  1.864865913335e+02	  9.016373115040e+00	  7.484961565454e+00	  5.711085353577e+00	  3.708034117526e+00	  1.661468157559e+00	
                   8	              transp	             2.49373	             106.148	                   1	  1.061483990617e+02	  1.864866411275e+02	  9.016371691811e+00	  7.070638956708e+00	  4.954397996824e+00	  2.790540031608e+00	  9.401187471153e-01	
                   9	              transp	             2.49373	             106.148	                   0	  1.061483990617e+02	  1.864866411275e+02	  9.016371691811e+00	  7.070638956708e+00	  4.954397996824e+00	  2.790540031608e+00	  9.401187471153e-01	
                   9	              transp	             2.49373	             106.359	                   1	  1.063586106110e+02	  1.850596012531e+02	  9.057159807572e+00	  7.109290971385e+00	  4.988741652854e+00	  2.817175869432e+00	  9.547555621924e-01	
                   9	              transp	             2.49373	             106.569	                   2	  1.065688221603e+02	  1.836725548769e+02	  9.096804816218e+00	  7.147201025856e+00	  5.022767384162e+00	  2.843890670868e+00	  9.697004835948e-01	
                   9	              transp	             2.49373	             106.779	                   3	  1.067790337096e+02	  1.823245793847e+02	  9.135333088204e+00	  7.184392124056e+00	  5.056495121796e+00	  2.870701496656e+00	  9.849660924086e-01	
                   9	              transp	             2.49373	             106.989	                   4	  1.069892452589e+02	  1.810147610476e+02	  9.172770740026e+00	  7.220886571890e+00	  5.089943531956e+00	  2.897623481665e+00	  1.000562615540e+00	
                   9	              transp	             2.49373	             107.199	                   5	  1.071994568082e+02	  1.797421958226e+02	  9.209143611335e+00	  7.256705888368e+00	  5.123129866095e+00	  2.924669649592e+00	  1.016497782241e+00	
                   9	              transp	             2.49373	              107.41	                   6	  1.074096683575e+02	  1.785059900772e+02	  9.244477244221e+00	  7.291870730125e+00	  5.156069835565e+00	  2.951850761815e+00	  1.032776717688e+00	
                   9	              transp	             2.49373	              107.62	                   7	  1.076198799068e+02	  1.773052612433e+02	  9.278796864535e+00	  7.326400830252e+00	  5.188777514377e+00	  2.979175207764e+00	  1.049401882339e+00	
                   9	              transp	             2.49373	              107.83	                   8	  1.078300914561e+02	  1.761391384030e+02	  9.312127365135e+00	  7.360314951304e+00	  5.221265269674e+00	  3.006648935660e+00	  1.066373054642e+00	
                   9	              transp	             2.49373	              108.04	                   9	  1.080403030054e+02	  1.750067628113e+02	  9.344493290945e+00	  7.393630852065e+00	  5.253543718926e+00	  3.034275421703e+00	  1.083687353941e+00	
                   9	              transp	             2.49373	             108.251	                  10	  1.082505145547e+02	  1.739072883593e+02	  9.375918825728e+00	  7.426365267398e+00	  5.285621712410e+00	  3.062055675149e+00	  1.101339299882e+00	
                   9	              transp	             2.49373	             108.461	                  11	  1.084607261040e+02	  1.728398819805e+02	  9.406427780456e+00	  7.458533900382e+00	  5.317506339176e+00	  3.089988276281e+00	  1.119320904261e+00	
                   9	              transp	             2.49373	             108.671	                  12	  1.086709376533e+02	  1.718037240054e+02	  9.436043583194e+00	  7.490151425730e+00	  5.349202954426e+00	  3.118069443894e+00	  1.137621791027e+00	
                   9	              transp	             2.49373	             108.881	                  13	  1.088811492026e+02	  1.707980084654e+02	  9.464789270393e+00	  7.521231503448e+00	  5.380715226072e+00	  3.146293128757e+00	  1.156229340079e+00	
                   9	              transp	             2.49373	             109.091	                  14	  1.090913607519e+02	  1.698219433516e+02	  9.492687479510e+00	  7.551786801582e+00	  5.412045198106e+00	  3.174651129400e+00	  1.175128850531e+00	
                   9	              transp	             2.49373	             109.302	                  15	  1.093015723012e+02	  1.688747508296e+02	  9.519760442858e+00	  7.581829026924e+00	  5.443193368392e+00	  3.203133226559e+00	  1.194303719258e+00	
                   9	              transp	             2.49373	             109.512	                  16	  1.095117838505e+02	  1.679556674143e+02	  9.546029982616e+00	  7.611368962491e+00	  5.474158778529e+00	  3.231727332749e+00	  1.213735630735e+00	
                   9	              transp	             2.49373	             109.722	                  17	  1.097219953998e+02	  1.670639441068e+02	  9.571517506913e+00	  7.640416510693e+00	  5.504939113499e+00	  3.260419653592e+00	  1.233404754582e+00	
                   9	              transp	             2.49373	             109.932	                  18	  1.099322069491e+02	  1.661988464965e+02	  9.596244006913e+00	  7.668980741126e+00	  5.535530809027e+00	  3.289194857900e+00	  1.253289947720e+00	
                   9	              transp	             2.49373	             110.142	                  19	  1.101424184984e+02	  1.653596548304e+02	  9.620230054830e+00	  7.697069942116e+00	  5.565929164924e+00	  3.318036254132e+00	  1.273368959044e+00	
                   9	              transp	             2.49373	             110.353	                  20	  1.103526300477e+02	  1.645456640522e+02	  9.643495802805e+00	  7.724691675368e+00	  5.596128463236e+00	  3.346925971799e+00	  1.293618635932e+00	
                   9	              transp	             2.49373	             110.563	                  21	  1.105628415970e+02	  1.637561838143e+02	  9.666060982584e+00	  7.751852833446e+00	  5.626122090863e+00	  3.375845147857e+00	  1.314015134096e+00	
                   9	              transp	             2.49373	             110.773	                  22	  1.107730531463e+02	  1.629905384624e+02	  9.687944905930e+00	  7.778559700252e+00	  5.655902667362e+00	  3.404774119918e+00	  1.334534134942e+00	
                   9	              transp	             2.49373	             110.983	                  23	  1.109832646956e+02	  1.622480669982e+02	  9.709166465718e+00	  7.804818015245e+00	  5.685462179823e+00	  3.433692630094e+00	  1.355151077401e+00	
                   9	              transp	             2.49373	             111.193	                  24	  1.111934762449e+02	  1.615281230182e+02	  9.729744137656e+00	  7.830633042522e+00	  5.714792127712e+00	  3.462580044942e+00	  1.375841413462e+00	
                   9	              transp	             2.49373	             111.404	                  25	  1.114036877942e+02	  1.608300746344e+02	  9.749695982574e+00	  7.856009646242e+00	  5.743883681172e+00	  3.491415597902e+00	  1.396580897611e+00	
                   9	              transp	             2.49373	             111.614	                  26	  1.116138993435e+02	  1.601533043752e+02	  9.769039649247e+00	  7.880952373802e+00	  5.772727856220e+00	  3.520178660306e+00	  1.417345919401e+00	
                   9	              transp	             2.49373	             111.824	                  27	  1.118241108928e+02	  1.594972090699e+02	  9.787792377691e+00	  7.905465547882e+00	  5.801315709361e+00	  3.548849045333e+00	  1.438113885342e+00	
                   9	              transp	             2.49373	             112.034	                  28	  1.120343224421e+02	  1.588611997186e+02	  9.805971002897e+00	  7.929553367717e+00	  5.829638552524e+00	  3.577407346269e+00	  1.458863651175e+00	
                   9	              transp	             2.49373	             112.245	                  29	  1.122445339914e+02	  1.582447013470e+02	  9.823591958961e+00	  7.953220019046e+00	  5.857688186947e+00	  3.605835306373e+00	  1.479575999264e+00	
                   9	              transp	             2.49373	             112.455	                  30	  1.124547455407e+02	  1.576471528502e+02	  9.840671283570e+00	  7.976469791038e+00	  5.885457152092e+00	  3.634116213208e+00	  1.500234148955e+00	
                   9	              transp	             2.49373	             112.665	                  31	  1.126649570900e+02	  1.570680068237e+02	  9.857224622813e+00	  7.999307197446e+00	  5.912938983182e+00	  3.662235305960e+00	  1.520824281430e+00	
                   9	              transp	             2.49373	             112.875	                  32	  1.128751686393e+02	  1.565067293859e+02	  9.873267236268e+00	  8.021737098259e+00	  5.940128468829e+00	  3.690180180795e+00	  1.541336055684e+00	
                   9	              transp	             2.49373	             113.085	                  33	  1.130853801886e+02	  1.559627999905e+02	  9.888814002360e+00	  8.043764817506e+00	  5.967021898791e+00	  3.717941176902e+00	  1.561763089343e+00	
                   9	              transp	             2.49373	             113.296	                  34	  1.132955917379e+02	  1.554357112313e+02	  9.903879423933e+00	  8.065396252509e+00	  5.993617291249e+00	  3.745511725072e+00	  1.582103377479e+00	
                   9	              transp	             2.49373	             113.506	                  35	  1.135058032872e+02	  1.549249686408e+02	  9.918477634023e+00	  8.086637970004e+00	  6.019914589224e+00	  3.772888641277e+00	  1.602359624371e+00	
                   9	              transp	             2.49373	             113.716	                  36	  1.137160148365e+02	  1.544300904813e+02	  9.932622401806e+00	  8.107497284903e+00	  6.045915816809e+00	  3.800072349780e+00	  1.622539466937e+00	
                   9	              transp	             2.49373	             113.926	                  37	  1.139262263858e+02	  1.539506075325e+02	  9.946327138695e+00	  8.127982318239e+00	  6.071625187578e+00	  3.827067023439e+00	  1.642655573980e+00	
                   9	              transp	             2.49373	             114.136	                  38	  1.141364379351e+02	  1.534860628734e+02	  9.959604904549e+00	  8.148102031724e+00	  6.097049159728e+00	  3.853880632852e+00	  1.662725611678e+00	
                   9	              transp	             2.49373	             114.347	                  39	  1.143466494844e+02	  1.530360116612e+02	  9.972468414010e+00	  8.167866237446e+00	  6.122196434957e+00	  3.880524900259e+00	  1.682772072548e+00	
                   9	              transp	             2.49373	             114.557	                  40	  1.145568610337e+02	  1.526000209074e+02	  9.984930042899e+00	  8.187285582295e+00	  6.147077900614e+00	  3.907015158552e+00	  1.702821971611e+00	
                   9	              transp	             2.49373	             114.767	                  41	  1.147670725830e+02	  1.521776692507e+02	  9.997001834698e+00	  8.206371507791e+00	  6.171706517026e+00	  3.933370119766e+00	  1.722906419454e+00	
                   9	              transp	             2.49373	             114.977	                  42	  1.149772841323e+02	  1.517685467291e+02	  1.000869550707e+01	  8.225136186916e+00	  6.196097154054e+00	  3.959611561068e+00	  1.743060086826e+00	
                   9	              transp	             2.49373	             115.187	                  43	  1.151874956816e+02	  1.513722545504e+02	  1.002002245843e+01	  8.243592440361e+00	  6.220266382721e+00	  3.985763939083e+00	  1.763320579247e+00	
                   9	              transp	             2.49373	             115.398	                  44	  1.153977072309e+02	  1.509884048620e+02	  1.003099377451e+01	  8.261753635222e+00	  6.244232229047e+00	  4.011853945584e+00	  1.783727742621e+00	
                   9	              transp	             2.49373	             115.608	                  45	  1.156079187802e+02	  1.506166205204e+02	  1.004162023494e+01	  8.279633569598e+00	  6.268013898189e+00	  4.037910018855e+00	  1.804322922206e+00	
                  10	              transp	             2.49373	             115.608	                   0	  1.156079187802e+02	  1.506166205204e+02	  1.004162023494e+01	  8.279633569598e+00	  6.268013898189e+00	  4.037910018855e+00	  1.804322922206e+00	
                  10	              transp	             2.49373	             132.025	                   1	  1.320245854468e+02	  1.506166476273e+02	  1.004161946016e+01	  7.732214608509e+00	  5.284225991563e+00	  2.869851862252e+00	  9.104188908199e-01	
                  11	              transp	             2.49373	             132.025	                   0	  1.320245854468e+02	  1.506166476273e+02	  1.004161946016e+01	  7.732214608509e+00	  5.284225991563e+00	  2.869851862252e+00	  9.104188908199e-01	
                  11	              transp	             2.49373	             132.235	                   1	  1.322347969961e+02	  1.502565611877e+02	  1.005191156736e+01	  7.748662909443e+00	  5.304136716243e+00	  2.888367597319e+00	  9.209268474840e-01	
                  11	              transp	             2.49373	             132.445	                   2	  1.324450085454e+02	  1.499078170345e+02	  1.006187948566e+01	  7.764875047963e+00	  5.323926519565e+00	  2.906901872578e+00	  9.315721111063e-01	
                  11	              transp	             2.49373	             132.655	                   3	  1.326552200947e+02	  1.495700687731e+02	  1.007153311582e+01	  7.780864391877e+00	  5.343613040168e+00	  2.925476390787e+00	  9.423755116387e-01	
                  11	              transp	             2.49373	             132.865	                   4	  1.328654316440e+02	  1.492429798019e+02	  1.008088207870e+01	  7.796644216986e+00	  5.363213869507e+00	  2.944112592473e+00	  9.533571134120e-01	
                  11	              transp	             2.49373	             133.076	                   5	  1.330756431933e+02	  1.489262230867e+02	  1.008993572169e+01	  7.812227585290e+00	  5.382746302652e+00	  2.962831310689e+00	  9.645358901995e-01	
                  11	              transp	             2.49373	             133.286	                   6	  1.332858547426e+02	  1.486194809370e+02	  1.009870312513e+01	  7.827627228320e+00	  5.402227099493e+00	  2.981652441960e+00	  9.759294222315e-01	
                  11	              transp	             2.49373	             133.496	                   7	  1.334960662919e+02	  1.483224447835e+02	  1.010719310864e+01	  7.842855438594e+00	  5.421672264170e+00	  3.000594646815e+00	  9.875536298104e-01	
                  11	              transp	             2.49373	             133.706	                   8	  1.337062778412e+02	  1.480348149593e+02	  1.011541423741e+01	  7.857923970969e+00	  5.441096846103e+00	  3.019675084234e+00	  9.994225468145e-01	
                  11	              transp	             2.49373	             133.916	                   9	  1.339164893905e+02	  1.477563004819e+02	  1.012337482838e+01	  7.872843955195e+00	  5.460514765123e+00	  3.038909182996e+00	  1.011548135998e+00	
                  11	              transp	             2.49373	             134.127	                  10	  1.341267009398e+02	  1.474866188396e+02	  1.013108295639e+01	  7.887625820618e+00	  5.479938662338e+00	  3.058310451740e+00	  1.023940146738e+00	
                  11	              transp	             2.49373	             134.337	                  11	  1.343369124891e+02	  1.472254957798e+02	  1.013854646023e+01	  7.902279233555e+00	  5.499379777631e+00	  3.077890328409e+00	  1.036606014759e+00	
                  11	              transp	             2.49373	             134.547	                  12	  1.345471240384e+02	  1.469726651002e+02	  1.014577294858e+01	  7.916813047560e+00	  5.518847853944e+00	  3.097658068780e+00	  1.049550802438e+00	
                  11	              transp	             2.49373	             134.757	                  13	  1.347573355877e+02	  1.467278684437e+02	  1.015276980587e+01	  7.931235266458e+00	  5.538351067931e+00	  3.117620672940e+00	  1.062777177478e+00	
                  11	              transp	             2.49373	             134.968	                  14	  1.349675471370e+02	  1.464908550960e+02	  1.015954419812e+01	  7.945553019783e+00	  5.557895986010e+00	  3.137782847859e+00	  1.076285427161e+00	
                  11	              transp	             2.49373	             135.178	                  15	  1.351777586863e+02	  1.462613817870e+02	  1.016610307853e+01	  7.959772550054e+00	  5.577487544449e+00	  3.158147003674e+00	  1.090073504911e+00	
                  11	              transp	             2.49373	             135.388	                  16	  1.353879702356e+02	  1.460392124952e+02	  1.017245319316e+01	  7.973899211109e+00	  5.597129051792e+00	  3.178713280874e+00	  1.104137105632e+00	
                  11	              transp	             2.49373	             135.598	                  17	  1.355981817849e+02	  1.458241182557e+02	  1.017860108636e+01	  7.987937476663e+00	  5.616822211704e+00	  3.199479605369e+00	  1.118469766195e+00	
                  11	              transp	             2.49373	             135.808	                  18	  1.358083933342e+02	  1.456158769717e+02	  1.018455310616e+01	  8.001890958143e+00	  5.636567164295e+00	  3.220441768410e+00	  1.133062987687e+00	
                  11	              transp	             2.49373	             136.019	                  19	  1.360186048835e+02	  1.454142732300e+02	  1.019031540958e+01	  8.015762430971e+00	  5.656362544080e+00	  3.241593528695e+00	  1.147906376752e+00	
                  11	              transp	             2.49373	             136.229	                  20	  1.362288164328e+02	  1.452190981191e+02	  1.019589396779e+01	  8.029553868587e+00	  5.676205553243e+00	  3.262926734859e+00	  1.162987804745e+00	
                  11	              transp	             2.49373	             136.439	                  21	  1.364390279821e+02	  1.450301490520e+02	  1.020129457120e+01	  8.043266483898e+00	  5.696092049640e+00	  3.284431467959e+00	  1.178293585670e+00	
                  11	              transp	             2.49373	             136.649	                  22	  1.366492395314e+02	  1.448472295922e+02	  1.020652283443e+01	  8.056900778281e+00	  5.716016650085e+00	  3.306096205507e+00	  1.193808676741e+00	
                  11	              transp	             2.49373	             136.859	                  23	  1.368594510807e+02	  1.446701492830e+02	  1.021158420116e+01	  8.070456598850e+00	  5.735972850744e+00	  3.327908010741e+00	  1.209516908493e+00	
                  11	              transp	             2.49373	              137.07	                  24	  1.370696626300e+02	  1.444987234812e+02	  1.021648394893e+01	  8.083933205181e+00	  5.755953167557e+00	  3.349852752690e+00	  1.225401253863e+00	
                  11	              transp	             2.49373	              137.28	                  25	  1.372798741793e+02	  1.443327731936e+02	  1.022122719378e+01	  8.097329346995e+00	  5.775949300265e+00	  3.371915363546e+00	  1.241444146740e+00	
                  11	              transp	             2.49373	              137.49	                  26	  1.374900857286e+02	  1.441721249180e+02	  1.022581889481e+01	  8.110643354265e+00	  5.795952323478e+00	  3.394080139470e+00	  1.257627859372e+00	
                  11	              transp	             2.49373	               137.7	                  27	  1.377002972779e+02	  1.440166104872e+02	  1.023026385862e+01	  8.123873240781e+00	  5.815952907164e+00	  3.416331088974e+00	  1.273934944506e+00	
                  11	              transp	             2.49373	             137.911	                  28	  1.379105088272e+02	  1.438660669169e+02	  1.023456674369e+01	  8.137016821346e+00	  5.835941566974e+00	  3.438652329445e+00	  1.290348742423e+00	
                  11	              transp	             2.49373	             138.121	                  29	  1.381207203765e+02	  1.437203362566e+02	  1.023873206461e+01	  8.150071841656e+00	  5.855908942133e+00	  3.461028527701e+00	  1.306853945750e+00	
                  11	              transp	             2.49373	             138.331	                  30	  1.383309319258e+02	  1.435792654453e+02	  1.024276419621e+01	  8.163036118571e+00	  5.875846095646e+00	  3.483445375284e+00	  1.323437207197e+00	
                  11	              transp	             2.49373	             138.541	                  31	  1.385411434751e+02	  1.434427061692e+02	  1.024666737766e+01	  8.175907687201e+00	  5.895744828612e+00	  3.505890084205e+00	  1.340087768219e+00	
                  11	              transp	             2.49373	             138.751	                  32	  1.387513550244e+02	  1.433105147237e+02	  1.025044571635e+01	  8.188684950126e+00	  5.915597997995e+00	  3.528351884783e+00	  1.356798081055e+00	
                  11	              transp	             2.49373	             138.962	                  33	  1.389615665737e+02	  1.431825518790e+02	  1.025410319181e+01	  8.201366823293e+00	  5.935399825486e+00	  3.550822504560e+00	  1.373564393369e+00	
                  12	              transp	             2.49373	             138.962	                   0	  1.389615665737e+02	  1.431825518790e+02	  1.025410319181e+01	  8.201366823293e+00	  5.935399825486e+00	  3.550822504560e+00	  1.373564393369e+00	
                  12	              transp	             2.49373	             162.962	                   1	  1.629615665737e+02	  1.431825695678e+02	  1.025410268622e+01	  7.420897300324e+00	  4.624343288590e+00	  2.155406223892e+00	  5.053007828191e-01	
                  12	              transp	             2.49373	             186.962	                   2	  1.869615665737e+02	  1.431825872567e+02	  1.025410218063e+01	  6.714699869972e+00	  3.602882953041e+00	  1.308366155736e+00	  1.858878130141e-01	
                  12	              transp	             2.49373	             210.962	                   3	  2.109615665737e+02	  1.431826049456e+02	  1.025410167504e+01	  6.075706551258e+00	  2.807050593614e+00	  7.941992458317e-01	  6.838358498948e-02	
                  12	              transp	             2.49373	             234.962	                   4	  2.349615665737e+02	  1.431826226345e+02	  1.025410116945e+01	  5.497521975938e+00	  2.187007776219e+00	  4.820916830613e-01	  2.515665024073e-02	
                  12	              transp	             2.49373	             258.962	                   5	  2.589615665737e+02	  1.431826403235e+02	  1.025410066386e+01	  4.974359380418e+00	  1.703924761500e+00	  2.926373855133e-01	  9.254517022343e-03	
                  12	              transp	             2.49373	             282.962	                   6	  2.829615665737e+02	  1.431826580125e+02	  1.025410015827e+01	  4.500982688902e+00	  1.327548820093e+00	  1.776355876050e-01	  3.404510715740e-03	
                  12	              transp	             2.49373	             306.962	                   7	  3.069615665737e+02	  1.431826757015e+02	  1.025409965267e+01	  4.072654108093e+00	  1.034309677017e+00	  1.078276513727e-01	  1.252436316839e-03	
                  12	              transp	             2.49373	             330.962	                   8	  3.309615665737e+02	  1.431826933906e+02	  1.025409914708e+01	  3.685086708967e+00	  8.058434400152e-01	  6.545311419472e-02	  4.607407227369e-04	
                  12	              transp	             2.49373	             354.962	                   9	  3.549615665737e+02	  1.431827110797e+02	  1.025409864148e+01	  3.334401521018e+00	  6.278425738877e-01	  3.973109033948e-02	  1.694952555158e-04	
                  12	              transp	             2.49373	             378.962	                  10	  3.789615665737e+02	  1.431827287689e+02	  1.025409813589e+01	  3.017088709558e+00	  4.891599013059e-01	  2.411740921704e-02	  6.235316355733e-05	
                  12	              transp	             2.49373	             402.962	                  11	  4.029615665737e+02	  1.431827464581e+02	  1.025409763029e+01	  2.729972447518e+00	  3.811105187785e-01	  1.463965429511e-02	  2.293820544670e-05	
                  12	              transp	             2.49373	             426.962	                  12	  4.269615665737e+02	  1.431827641473e+02	  1.025409712469e+01	  2.470179130165e+00	  2.969279107626e-01	  8.886505011863e-03	  8.438405352615e-06	
                  12	              transp	             2.49373	             450.962	                  13	  4.509615665737e+02	  1.431827818365e+02	  1.025409661909e+01	  2.235108614612e+00	  2.313402014524e-01	  5.394251102788e-03	  3.104283160270e-06	
                  12	              transp	             2.49373	             474.962	                  14	  4.749615665737e+02	  1.431827995258e+02	  1.025409611349e+01	  2.022408196275e+00	  1.802400073155e-01	  3.274396955955e-03	  1.141989930140e-06	
                  12	              transp	             2.49373	             498.962	                  15	  4.989615665737e+02	  1.431828172151e+02	  1.025409560789e+01	  1.829949061813e+00	  1.404272151279e-01	  1.987611481319e-03	  4.201101914229e-07	
